%eval_id interface ts mmr_burnup 
1        NO_ID     721.0 41
2        NO_ID     721.0 62
3        NO_ID     721.0 74
4        NO_ID     721.0 78
5        NO_ID     721.0 82
6        NO_ID     721.0 86
7        NO_ID     721.0 90
8        NO_ID     724.0 41
9        NO_ID     724.0 62
10        NO_ID     724.0 74
11        NO_ID     724.0 78
12        NO_ID     724.0 82
13        NO_ID     724.0 86
14        NO_ID     724.0 90
15        NO_ID     727.0 41
16        NO_ID     727.0 62
17        NO_ID     727.0 74
18        NO_ID     727.0 78
19        NO_ID     727.0 82
20        NO_ID     727.0 86
21        NO_ID     727.0 90
22        NO_ID     730.0 41
23        NO_ID     730.0 62
24        NO_ID     730.0 74
25        NO_ID     730.0 78
26        NO_ID     730.0 82
27        NO_ID     730.0 86
28        NO_ID     730.0 90
29        NO_ID     733.0 41
30        NO_ID     733.0 62
31        NO_ID     733.0 74
32        NO_ID     733.0 78
33        NO_ID     733.0 82
34        NO_ID     733.0 86
35        NO_ID     733.0 90
36        NO_ID     736.0 41
37        NO_ID     736.0 62
38        NO_ID     736.0 74
39        NO_ID     736.0 78
40        NO_ID     736.0 82
41        NO_ID     736.0 86
42        NO_ID     736.0 90
43        NO_ID     739.0 41
44        NO_ID     739.0 62
45        NO_ID     739.0 74
46        NO_ID     739.0 78
47        NO_ID     739.0 82
48        NO_ID     739.0 86
49        NO_ID     739.0 90
50        NO_ID     742.0 41
51        NO_ID     742.0 62
52        NO_ID     742.0 74
53        NO_ID     742.0 78
54        NO_ID     742.0 82
55        NO_ID     742.0 86
56        NO_ID     742.0 90
57        NO_ID     745.0 41
58        NO_ID     745.0 62
59        NO_ID     745.0 74
60        NO_ID     745.0 78
61        NO_ID     745.0 82
62        NO_ID     745.0 86
63        NO_ID     745.0 90
64        NO_ID     748.0 41
65        NO_ID     748.0 62
66        NO_ID     748.0 74
67        NO_ID     748.0 78
68        NO_ID     748.0 82
69        NO_ID     748.0 86
70        NO_ID     748.0 90
71        NO_ID     751.0 41
72        NO_ID     751.0 62
73        NO_ID     751.0 74
74        NO_ID     751.0 78
75        NO_ID     751.0 82
76        NO_ID     751.0 86
77        NO_ID     751.0 90
78        NO_ID     754.0 41
79        NO_ID     754.0 62
80        NO_ID     754.0 74
81        NO_ID     754.0 78
82        NO_ID     754.0 82
83        NO_ID     754.0 86
84        NO_ID     754.0 90
85        NO_ID     757.0 41
86        NO_ID     757.0 62
87        NO_ID     757.0 74
88        NO_ID     757.0 78
89        NO_ID     757.0 82
90        NO_ID     757.0 86
91        NO_ID     757.0 90
92        NO_ID     760.0 41
93        NO_ID     760.0 62
94        NO_ID     760.0 74
95        NO_ID     760.0 78
96        NO_ID     760.0 82
97        NO_ID     760.0 86
98        NO_ID     760.0 90
99        NO_ID     763.0 41
100        NO_ID     763.0 62
101        NO_ID     763.0 74
102        NO_ID     763.0 78
103        NO_ID     763.0 82
104        NO_ID     763.0 86
105        NO_ID     763.0 90
106        NO_ID     766.0 41
107        NO_ID     766.0 62
108        NO_ID     766.0 74
109        NO_ID     766.0 78
110        NO_ID     766.0 82
111        NO_ID     766.0 86
112        NO_ID     766.0 90
113        NO_ID     769.0 41
114        NO_ID     769.0 62
115        NO_ID     769.0 74
116        NO_ID     769.0 78
117        NO_ID     769.0 82
118        NO_ID     769.0 86
119        NO_ID     769.0 90
120        NO_ID     772.0 41
121        NO_ID     772.0 62
122        NO_ID     772.0 74
123        NO_ID     772.0 78
124        NO_ID     772.0 82
125        NO_ID     772.0 86
126        NO_ID     772.0 90
127        NO_ID     775.0 41
128        NO_ID     775.0 62
129        NO_ID     775.0 74
130        NO_ID     775.0 78
131        NO_ID     775.0 82
132        NO_ID     775.0 86
133        NO_ID     775.0 90
134        NO_ID     778.0 41
135        NO_ID     778.0 62
136        NO_ID     778.0 74
137        NO_ID     778.0 78
138        NO_ID     778.0 82
139        NO_ID     778.0 86
140        NO_ID     778.0 90
141        NO_ID     781.0 41
142        NO_ID     781.0 62
143        NO_ID     781.0 74
144        NO_ID     781.0 78
145        NO_ID     781.0 82
146        NO_ID     781.0 86
147        NO_ID     781.0 90
148        NO_ID     784.0 41
149        NO_ID     784.0 62
150        NO_ID     784.0 74
151        NO_ID     784.0 78
152        NO_ID     784.0 82
153        NO_ID     784.0 86
154        NO_ID     784.0 90
155        NO_ID     787.0 41
156        NO_ID     787.0 62
157        NO_ID     787.0 74
158        NO_ID     787.0 78
159        NO_ID     787.0 82
160        NO_ID     787.0 86
161        NO_ID     787.0 90
162        NO_ID     790.0 41
163        NO_ID     790.0 62
164        NO_ID     790.0 74
165        NO_ID     790.0 78
166        NO_ID     790.0 82
167        NO_ID     790.0 86
168        NO_ID     790.0 90
169        NO_ID     793.0 41
170        NO_ID     793.0 62
171        NO_ID     793.0 74
172        NO_ID     793.0 78
173        NO_ID     793.0 82
174        NO_ID     793.0 86
175        NO_ID     793.0 90
176        NO_ID     796.0 41
177        NO_ID     796.0 62
178        NO_ID     796.0 74
179        NO_ID     796.0 78
180        NO_ID     796.0 82
181        NO_ID     796.0 86
182        NO_ID     796.0 90
183        NO_ID     799.0 41
184        NO_ID     799.0 62
185        NO_ID     799.0 74
186        NO_ID     799.0 78
187        NO_ID     799.0 82
188        NO_ID     799.0 86
189        NO_ID     799.0 90
190        NO_ID     802.0 41
191        NO_ID     802.0 62
192        NO_ID     802.0 74
193        NO_ID     802.0 78
194        NO_ID     802.0 82
195        NO_ID     802.0 86
196        NO_ID     802.0 90
197        NO_ID     805.0 41
198        NO_ID     805.0 62
199        NO_ID     805.0 74
200        NO_ID     805.0 78
201        NO_ID     805.0 82
202        NO_ID     805.0 86
203        NO_ID     805.0 90
204        NO_ID     808.0 41
205        NO_ID     808.0 62
206        NO_ID     808.0 74
207        NO_ID     808.0 78
208        NO_ID     808.0 82
209        NO_ID     808.0 86
210        NO_ID     808.0 90
211        NO_ID     811.0 41
212        NO_ID     811.0 62
213        NO_ID     811.0 74
214        NO_ID     811.0 78
215        NO_ID     811.0 82
216        NO_ID     811.0 86
217        NO_ID     811.0 90
218        NO_ID     814.0 41
219        NO_ID     814.0 62
220        NO_ID     814.0 74
221        NO_ID     814.0 78
222        NO_ID     814.0 82
223        NO_ID     814.0 86
224        NO_ID     814.0 90
225        NO_ID     817.0 41
226        NO_ID     817.0 62
227        NO_ID     817.0 74
228        NO_ID     817.0 78
229        NO_ID     817.0 82
230        NO_ID     817.0 86
231        NO_ID     817.0 90
232        NO_ID     820.0 41
233        NO_ID     820.0 62
234        NO_ID     820.0 74
235        NO_ID     820.0 78
236        NO_ID     820.0 82
237        NO_ID     820.0 86
238        NO_ID     820.0 90
239        NO_ID     823.0 41
240        NO_ID     823.0 62
241        NO_ID     823.0 74
242        NO_ID     823.0 78
243        NO_ID     823.0 82
244        NO_ID     823.0 86
245        NO_ID     823.0 90
246        NO_ID     826.0 41
247        NO_ID     826.0 62
248        NO_ID     826.0 74
249        NO_ID     826.0 78
250        NO_ID     826.0 82
251        NO_ID     826.0 86
252        NO_ID     826.0 90
253        NO_ID     829.0 41
254        NO_ID     829.0 62
255        NO_ID     829.0 74
256        NO_ID     829.0 78
257        NO_ID     829.0 82
258        NO_ID     829.0 86
259        NO_ID     829.0 90
260        NO_ID     832.0 41
261        NO_ID     832.0 62
262        NO_ID     832.0 74
263        NO_ID     832.0 78
264        NO_ID     832.0 82
265        NO_ID     832.0 86
266        NO_ID     832.0 90
267        NO_ID     835.0 41
268        NO_ID     835.0 62
269        NO_ID     835.0 74
270        NO_ID     835.0 78
271        NO_ID     835.0 82
272        NO_ID     835.0 86
273        NO_ID     835.0 90
274        NO_ID     838.0 41
275        NO_ID     838.0 62
276        NO_ID     838.0 74
277        NO_ID     838.0 78
278        NO_ID     838.0 82
279        NO_ID     838.0 86
280        NO_ID     838.0 90
281        NO_ID     841.0 41
282        NO_ID     841.0 62
283        NO_ID     841.0 74
284        NO_ID     841.0 78
285        NO_ID     841.0 82
286        NO_ID     841.0 86
287        NO_ID     841.0 90
288        NO_ID     844.0 41
289        NO_ID     844.0 62
290        NO_ID     844.0 74
291        NO_ID     844.0 78
292        NO_ID     844.0 82
293        NO_ID     844.0 86
294        NO_ID     844.0 90
295        NO_ID     847.0 41
296        NO_ID     847.0 62
297        NO_ID     847.0 74
298        NO_ID     847.0 78
299        NO_ID     847.0 82
300        NO_ID     847.0 86
301        NO_ID     847.0 90
302        NO_ID     850.0 41
303        NO_ID     850.0 62
304        NO_ID     850.0 74
305        NO_ID     850.0 78
306        NO_ID     850.0 82
307        NO_ID     850.0 86
308        NO_ID     850.0 90
309        NO_ID     853.0 41
310        NO_ID     853.0 62
311        NO_ID     853.0 74
312        NO_ID     853.0 78
313        NO_ID     853.0 82
314        NO_ID     853.0 86
315        NO_ID     853.0 90
316        NO_ID     856.0 41
317        NO_ID     856.0 62
318        NO_ID     856.0 74
319        NO_ID     856.0 78
320        NO_ID     856.0 82
321        NO_ID     856.0 86
322        NO_ID     856.0 90
323        NO_ID     859.0 41
324        NO_ID     859.0 62
325        NO_ID     859.0 74
326        NO_ID     859.0 78
327        NO_ID     859.0 82
328        NO_ID     859.0 86
329        NO_ID     859.0 90
330        NO_ID     862.0 41
331        NO_ID     862.0 62
332        NO_ID     862.0 74
333        NO_ID     862.0 78
334        NO_ID     862.0 82
335        NO_ID     862.0 86
336        NO_ID     862.0 90
337        NO_ID     865.0 41
338        NO_ID     865.0 62
339        NO_ID     865.0 74
340        NO_ID     865.0 78
341        NO_ID     865.0 82
342        NO_ID     865.0 86
343        NO_ID     865.0 90
344        NO_ID     868.0 41
345        NO_ID     868.0 62
346        NO_ID     868.0 74
347        NO_ID     868.0 78
348        NO_ID     868.0 82
349        NO_ID     868.0 86
350        NO_ID     868.0 90
351        NO_ID     871.0 41
352        NO_ID     871.0 62
353        NO_ID     871.0 74
354        NO_ID     871.0 78
355        NO_ID     871.0 82
356        NO_ID     871.0 86
357        NO_ID     871.0 90
358        NO_ID     874.0 41
359        NO_ID     874.0 62
360        NO_ID     874.0 74
361        NO_ID     874.0 78
362        NO_ID     874.0 82
363        NO_ID     874.0 86
364        NO_ID     874.0 90
365        NO_ID     877.0 41
366        NO_ID     877.0 62
367        NO_ID     877.0 74
368        NO_ID     877.0 78
369        NO_ID     877.0 82
370        NO_ID     877.0 86
371        NO_ID     877.0 90
372        NO_ID     880.0 41
373        NO_ID     880.0 62
374        NO_ID     880.0 74
375        NO_ID     880.0 78
376        NO_ID     880.0 82
377        NO_ID     880.0 86
378        NO_ID     880.0 90
379        NO_ID     883.0 41
380        NO_ID     883.0 62
381        NO_ID     883.0 74
382        NO_ID     883.0 78
383        NO_ID     883.0 82
384        NO_ID     883.0 86
385        NO_ID     883.0 90
386        NO_ID     886.0 41
387        NO_ID     886.0 62
388        NO_ID     886.0 74
389        NO_ID     886.0 78
390        NO_ID     886.0 82
391        NO_ID     886.0 86
392        NO_ID     886.0 90
393        NO_ID     889.0 41
394        NO_ID     889.0 62
395        NO_ID     889.0 74
396        NO_ID     889.0 78
397        NO_ID     889.0 82
398        NO_ID     889.0 86
399        NO_ID     889.0 90
400        NO_ID     892.0 41
401        NO_ID     892.0 62
402        NO_ID     892.0 74
403        NO_ID     892.0 78
404        NO_ID     892.0 82
405        NO_ID     892.0 86
406        NO_ID     892.0 90
407        NO_ID     895.0 41
408        NO_ID     895.0 62
409        NO_ID     895.0 74
410        NO_ID     895.0 78
411        NO_ID     895.0 82
412        NO_ID     895.0 86
413        NO_ID     895.0 90
414        NO_ID     898.0 41
415        NO_ID     898.0 62
416        NO_ID     898.0 74
417        NO_ID     898.0 78
418        NO_ID     898.0 82
419        NO_ID     898.0 86
420        NO_ID     898.0 90
421        NO_ID     901.0 41
422        NO_ID     901.0 62
423        NO_ID     901.0 74
424        NO_ID     901.0 78
425        NO_ID     901.0 82
426        NO_ID     901.0 86
427        NO_ID     901.0 90
