mat fuel6      -11.0

1001 -1.4990e-08
1002 -8.7004e-09
1003 -1.8624e-07
2003 -1.4906e-09
2004 -4.4681e-06
3006 -2.4946e-08
3007 -1.3386e-08
4009 -3.2011e-09
5010 -1.0419e-09
5011 -6.1954e-10
6000 -1.7784e-02
7014 -2.1984e-12
7015 -1.5342e-09
8016 -8.6178e-02
8017 -4.2104e-08
20046 -3.9668e-26
20048 -1.3779e-30
22047 -1.0627e-23
22048 -1.0628e-24
22049 -1.4712e-17
22050 -8.3233e-15
24052 -3.2922e-14
24053 -6.3467e-14
24054 -1.2749e-13
25055 -2.2710e-13
26056 -4.8244e-13
26057 -1.3419e-12
26058 -1.2839e-12
27058 -3.0744e-20
27059 -2.9162e-12
28060 -1.4738e-14
28061 -1.8287e-11
28062 -3.1310e-11
28064 -9.8238e-11
29063 -4.8837e-13
29065 -1.9566e-10
32070 -4.0477e-14
32072 -1.9768e-08
32073 -4.8601e-08
32074 -1.6911e-07
32076 -1.4891e-06
33075 -2.9859e-07
34074 -8.5512e-15
34076 -4.7995e-09
34077 -2.6691e-06
34078 -7.7768e-06
34079 -1.3505e-05
34080 -4.4876e-05
34082 -1.1128e-04
35079 -4.9175e-11
35081 -6.6491e-05
36080 -1.1412e-10
36082 -1.0621e-06
36083 -1.4256e-04
36084 -3.9730e-04
36085 -9.2661e-05
36086 -6.9129e-04
37085 -3.6207e-04
37086 -4.1463e-08
37087 -9.0087e-04
38084 -2.6605e-13
38086 -7.5888e-07
38087 -9.4368e-09
38088 -1.2469e-03
38089 -9.2851e-05
38090 -1.9607e-03
39089 -1.5813e-03
39090 -5.2382e-07
39091 -1.4103e-04
40090 -7.7323e-05
40091 -2.0023e-03
40092 -2.2984e-03
40093 -2.5204e-03
40094 -2.6012e-03
40095 -2.0645e-04
40096 -2.6690e-03
41093 -5.0102e-10
41094 -1.9899e-10
41095 -1.1722e-04
42094 -7.9494e-10
42095 -2.2872e-03
42096 -8.4490e-05
42097 -2.6110e-03
42098 -2.5906e-03
42099 -8.8512e-06
42100 -2.9352e-03
43099 -2.5949e-03
44098 -2.3631e-14
44099 -1.0431e-07
44100 -2.1264e-04
44101 -2.4787e-03
44102 -2.3222e-03
44103 -1.0465e-04
44104 -1.4124e-03
44105 -2.9278e-07
44106 -3.2996e-04
45103 -1.1384e-03
45105 -2.0874e-06
46104 -6.3822e-04
46105 -8.4949e-04
46106 -4.3169e-04
46107 -4.1198e-04
46108 -2.7488e-04
46110 -1.0083e-04
47107 -4.9800e-11
47109 -1.3982e-04
47111 -7.5205e-07
48108 -5.4830e-11
48110 -3.9106e-05
48111 -4.6266e-05
48112 -2.1975e-05
48113 -1.1523e-07
48114 -3.5760e-05
48116 -1.3672e-05
49113 -1.2208e-08
49115 -5.7392e-06
50112 -7.1595e-16
50114 -5.2829e-10
50115 -5.7781e-07
50116 -6.2301e-06
50117 -1.1804e-05
50118 -1.2546e-05
50119 -1.1636e-05
50120 -1.2016e-05
50122 -1.7531e-05
50123 -2.4558e-07
50124 -2.7911e-05
50125 -1.3242e-07
50126 -6.3647e-05
51121 -1.0797e-05
51123 -1.3332e-05
51124 -7.1370e-08
51125 -2.2651e-05
51126 -1.7547e-08
52120 -5.2918e-18
52122 -4.0867e-07
52123 -1.9843e-09
52124 -3.5158e-07
52125 -7.7433e-06
52126 -1.4589e-06
52128 -2.6851e-04
52130 -1.2139e-03
52132 -1.0262e-05
53127 -1.1529e-04
53129 -5.4665e-04
53130 -4.4547e-08
53131 -1.7915e-05
53135 -1.2275e-06
54126 -1.5337e-11
54128 -3.3684e-06
54129 -1.8513e-08
54130 -2.6916e-05
54131 -1.4376e-03
54132 -3.1406e-03
54133 -2.5191e-05
54134 -4.7537e-03
54135 -3.9757e-07
54136 -7.0008e-03
55133 -3.6855e-03
55134 -2.8329e-04
55135 -1.3195e-03
55136 -1.2521e-06
55137 -3.8036e-03
56132 -3.6687e-11
56134 -9.3143e-05
56135 -3.1017e-07
56136 -3.4977e-05
56137 -1.3266e-04
56138 -4.2008e-03
56140 -5.8204e-05
57138 -9.8522e-09
57139 -3.9401e-03
57140 -8.0192e-06
58140 -3.9808e-03
58141 -1.4334e-04
58142 -3.7272e-03
58143 -5.6096e-06
58144 -1.1629e-03
59141 -3.5102e-03
59142 -1.7885e-07
59143 -5.6571e-05
60142 -6.3856e-05
60143 -3.6605e-03
60144 -2.2657e-03
60145 -2.3210e-03
60146 -2.1911e-03
60147 -1.9054e-05
60148 -1.1837e-03
60150 -5.0709e-04
61147 -6.5355e-04
61148 -3.1689e-06
61149 -3.1909e-06
61151 -5.6113e-07
62147 -3.4812e-04
62148 -2.7256e-04
62149 -4.3763e-06
62150 -8.2058e-04
62151 -3.1623e-05
62152 -3.9607e-04
62153 -2.3729e-06
62154 -9.0404e-05
63151 -1.3760e-08
63152 -3.7708e-08
63153 -3.2181e-04
63154 -3.2915e-05
63155 -7.2499e-06
63156 -1.0269e-05
63157 -3.5334e-08
64152 -2.0446e-09
64154 -2.6001e-06
64155 -6.5775e-08
64156 -1.8440e-04
64157 -1.8865e-07
64158 -4.0634e-05
64160 -5.2196e-06
65159 -7.4034e-06
65160 -1.2340e-07
66160 -2.9995e-07
66161 -1.9399e-06
66162 -2.3453e-06
66163 -1.4489e-06
66164 -2.6414e-07
67165 -8.4793e-07
68162 -5.7115e-22
68164 -1.6552e-12
68166 -2.1649e-07
68167 -1.0427e-08
68168 -1.1992e-07
68170 -1.2318e-08
71175 -4.8817e-10
71176 -1.7747e-12
72174 -1.0745e-20
72176 -2.5515e-11
72177 -6.0277e-11
72178 -1.4203e-10
72179 -7.0029e-11
72180 -2.5617e-11
73181 -9.8623e-12
73182 -3.5237e-14
74182 -7.4036e-14
74183 -4.1135e-12
74184 -1.9749e-12
74186 -4.7864e-13
75185 -5.0560e-13
75187 -2.9498e-13
77191 -1.5614e-16
77193 -1.8014e-16
79197 -1.3864e-17
80196 -6.4702e-20
80198 -5.7994e-18
80199 -2.6991e-18
80200 -6.3266e-18
80201 -5.2000e-21
82206 -5.5670e-19
82207 -1.1834e-16
82208 -3.6108e-13
83209 -1.0167e-17
88223 -4.1712e-18
88224 -5.7503e-15
88225 -9.7568e-19
88226 -3.0400e-17
89225 -6.3395e-19
89226 -1.4194e-23
89227 -3.5262e-15
90227 -6.9124e-18
90228 -1.1349e-12
90229 -1.8960e-13
90230 -4.6387e-12
90232 -8.0671e-10
90234 -1.0630e-11
91231 -3.9628e-11
91232 -3.0954e-13
91233 -2.1482e-11
92232 -1.4103e-10
92233 -2.8466e-10
92234 -2.2818e-06
92235 -2.9242e-02
92236 -1.6880e-02
92237 -2.0432e-05
92238 -7.3085e-01
93235 -5.7934e-13
93236 -7.5189e-11
93237 -6.7748e-04
93238 -3.7486e-06
93239 -1.2640e-04
94236 -8.3221e-13
94237 -2.8086e-11
94238 -3.7471e-04
94239 -2.7191e-03
94240 -2.2735e-03
94241 -1.7727e-03
94242 -1.9153e-03
94243 -2.6842e-07
94244 -3.9632e-08
94246 -3.9102e-25
95241 -2.2593e-05
95242 -2.1255e-07
95243 -2.0517e-04
95244 -8.6745e-09
96240 -5.4205e-15
96241 -7.1205e-13
96242 -3.6813e-05
96243 -5.6054e-07
96244 -4.4718e-05
96245 -1.0219e-06
96246 -8.9744e-08
96247 -4.1940e-10
96248 -1.8767e-11
96249 -1.2205e-16
96250 -4.2212e-19
97249 -1.4208e-13
98249 -2.4802e-14
98251 -1.2267e-20
