0 28
0 56
0 84
0 112
0 140
0 151
0 168
0 185
5 28
5 56
5 84
5 112
5 140
5 151
5 168
5 185
10 28
10 56
10 84
10 112
10 140
10 151
10 168
10 185
15 28
15 56
15 84
15 112
15 140
15 151
15 168
15 185
20 28
20 56
20 84
20 112
20 140
20 151
20 168
20 185
25 28
25 56
25 84
25 112
25 140
25 151
25 168
25 185
30 28
30 56
30 84
30 112
30 140
30 151
30 168
30 185
35 28
35 56
35 84
35 112
35 140
35 151
35 168
35 185
40 28
40 56
40 84
40 112
40 140
40 151
40 168
40 185
45 28
45 56
45 84
45 112
45 140
45 151
45 168
45 185
50 28
50 56
50 84
50 112
50 140
50 151
50 168
50 185
