721 41
721 62
721 74
721 78
721 82
721 86
721 90
724 41
724 62
724 74
724 78
724 82
724 86
724 90
727 41
727 62
727 74
727 78
727 82
727 86
727 90
730 41
730 62
730 74
730 78
730 82
730 86
730 90
733 41
733 62
733 74
733 78
733 82
733 86
733 90
736 41
736 62
736 74
736 78
736 82
736 86
736 90
739 41
739 62
739 74
739 78
739 82
739 86
739 90
742 41
742 62
742 74
742 78
742 82
742 86
742 90
745 41
745 62
745 74
745 78
745 82
745 86
745 90
748 41
748 62
748 74
748 78
748 82
748 86
748 90
751 41
751 62
751 74
751 78
751 82
751 86
751 90
754 41
754 62
754 74
754 78
754 82
754 86
754 90
757 41
757 62
757 74
757 78
757 82
757 86
757 90
760 41
760 62
760 74
760 78
760 82
760 86
760 90
763 41
763 62
763 74
763 78
763 82
763 86
763 90
766 41
766 62
766 74
766 78
766 82
766 86
766 90
769 41
769 62
769 74
769 78
769 82
769 86
769 90
772 41
772 62
772 74
772 78
772 82
772 86
772 90
775 41
775 62
775 74
775 78
775 82
775 86
775 90
778 41
778 62
778 74
778 78
778 82
778 86
778 90
781 41
781 62
781 74
781 78
781 82
781 86
781 90
784 41
784 62
784 74
784 78
784 82
784 86
784 90
787 41
787 62
787 74
787 78
787 82
787 86
787 90
790 41
790 62
790 74
790 78
790 82
790 86
790 90
793 41
793 62
793 74
793 78
793 82
793 86
793 90
796 41
796 62
796 74
796 78
796 82
796 86
796 90
799 41
799 62
799 74
799 78
799 82
799 86
799 90
802 41
802 62
802 74
802 78
802 82
802 86
802 90
805 41
805 62
805 74
805 78
805 82
805 86
805 90
808 41
808 62
808 74
808 78
808 82
808 86
808 90
811 41
811 62
811 74
811 78
811 82
811 86
811 90
814 41
814 62
814 74
814 78
814 82
814 86
814 90
817 41
817 62
817 74
817 78
817 82
817 86
817 90
820 41
820 62
820 74
820 78
820 82
820 86
820 90
823 41
823 62
823 74
823 78
823 82
823 86
823 90
826 41
826 62
826 74
826 78
826 82
826 86
826 90
829 41
829 62
829 74
829 78
829 82
829 86
829 90
832 41
832 62
832 74
832 78
832 82
832 86
832 90
835 41
835 62
835 74
835 78
835 82
835 86
835 90
838 41
838 62
838 74
838 78
838 82
838 86
838 90
841 41
841 62
841 74
841 78
841 82
841 86
841 90
844 41
844 62
844 74
844 78
844 82
844 86
844 90
847 41
847 62
847 74
847 78
847 82
847 86
847 90
850 41
850 62
850 74
850 78
850 82
850 86
850 90
853 41
853 62
853 74
853 78
853 82
853 86
853 90
856 41
856 62
856 74
856 78
856 82
856 86
856 90
859 41
859 62
859 74
859 78
859 82
859 86
859 90
862 41
862 62
862 74
862 78
862 82
862 86
862 90
865 41
865 62
865 74
865 78
865 82
865 86
865 90
868 41
868 62
868 74
868 78
868 82
868 86
868 90
871 41
871 62
871 74
871 78
871 82
871 86
871 90
874 41
874 62
874 74
874 78
874 82
874 86
874 90
877 41
877 62
877 74
877 78
877 82
877 86
877 90
880 41
880 62
880 74
880 78
880 82
880 86
880 90
883 41
883 62
883 74
883 78
883 82
883 86
883 90
886 41
886 62
886 74
886 78
886 82
886 86
886 90
889 41
889 62
889 74
889 78
889 82
889 86
889 90
892 41
892 62
892 74
892 78
892 82
892 86
892 90
895 41
895 62
895 74
895 78
895 82
895 86
895 90
898 41
898 62
898 74
898 78
898 82
898 86
898 90
901 41
901 62
901 74
901 78
901 82
901 86
901 90
