721 28
721 56
721 84
721 112
721 140
721 151
721 168
721 185
724 28
724 56
724 84
724 112
724 140
724 151
724 168
724 185
727 28
727 56
727 84
727 112
727 140
727 151
727 168
727 185
730 28
730 56
730 84
730 112
730 140
730 151
730 168
730 185
733 28
733 56
733 84
733 112
733 140
733 151
733 168
733 185
736 28
736 56
736 84
736 112
736 140
736 151
736 168
736 185
739 28
739 56
739 84
739 112
739 140
739 151
739 168
739 185
742 28
742 56
742 84
742 112
742 140
742 151
742 168
742 185
745 28
745 56
745 84
745 112
745 140
745 151
745 168
745 185
748 28
748 56
748 84
748 112
748 140
748 151
748 168
748 185
751 28
751 56
751 84
751 112
751 140
751 151
751 168
751 185
754 28
754 56
754 84
754 112
754 140
754 151
754 168
754 185
757 28
757 56
757 84
757 112
757 140
757 151
757 168
757 185
760 28
760 56
760 84
760 112
760 140
760 151
760 168
760 185
763 28
763 56
763 84
763 112
763 140
763 151
763 168
763 185
766 28
766 56
766 84
766 112
766 140
766 151
766 168
766 185
769 28
769 56
769 84
769 112
769 140
769 151
769 168
769 185
772 28
772 56
772 84
772 112
772 140
772 151
772 168
772 185
775 28
775 56
775 84
775 112
775 140
775 151
775 168
775 185
778 28
778 56
778 84
778 112
778 140
778 151
778 168
778 185
781 28
781 56
781 84
781 112
781 140
781 151
781 168
781 185
784 28
784 56
784 84
784 112
784 140
784 151
784 168
784 185
787 28
787 56
787 84
787 112
787 140
787 151
787 168
787 185
790 28
790 56
790 84
790 112
790 140
790 151
790 168
790 185
793 28
793 56
793 84
793 112
793 140
793 151
793 168
793 185
796 28
796 56
796 84
796 112
796 140
796 151
796 168
796 185
799 28
799 56
799 84
799 112
799 140
799 151
799 168
799 185
802 28
802 56
802 84
802 112
802 140
802 151
802 168
802 185
805 28
805 56
805 84
805 112
805 140
805 151
805 168
805 185
808 28
808 56
808 84
808 112
808 140
808 151
808 168
808 185
811 28
811 56
811 84
811 112
811 140
811 151
811 168
811 185
814 28
814 56
814 84
814 112
814 140
814 151
814 168
814 185
817 28
817 56
817 84
817 112
817 140
817 151
817 168
817 185
820 28
820 56
820 84
820 112
820 140
820 151
820 168
820 185
823 28
823 56
823 84
823 112
823 140
823 151
823 168
823 185
826 28
826 56
826 84
826 112
826 140
826 151
826 168
826 185
829 28
829 56
829 84
829 112
829 140
829 151
829 168
829 185
832 28
832 56
832 84
832 112
832 140
832 151
832 168
832 185
835 28
835 56
835 84
835 112
835 140
835 151
835 168
835 185
838 28
838 56
838 84
838 112
838 140
838 151
838 168
838 185
841 28
841 56
841 84
841 112
841 140
841 151
841 168
841 185
844 28
844 56
844 84
844 112
844 140
844 151
844 168
844 185
847 28
847 56
847 84
847 112
847 140
847 151
847 168
847 185
850 28
850 56
850 84
850 112
850 140
850 151
850 168
850 185
853 28
853 56
853 84
853 112
853 140
853 151
853 168
853 185
856 28
856 56
856 84
856 112
856 140
856 151
856 168
856 185
859 28
859 56
859 84
859 112
859 140
859 151
859 168
859 185
862 28
862 56
862 84
862 112
862 140
862 151
862 168
862 185
865 28
865 56
865 84
865 112
865 140
865 151
865 168
865 185
868 28
868 56
868 84
868 112
868 140
868 151
868 168
868 185
871 28
871 56
871 84
871 112
871 140
871 151
871 168
871 185
874 28
874 56
874 84
874 112
874 140
874 151
874 168
874 185
877 28
877 56
877 84
877 112
877 140
877 151
877 168
877 185
880 28
880 56
880 84
880 112
880 140
880 151
880 168
880 185
883 28
883 56
883 84
883 112
883 140
883 151
883 168
883 185
886 28
886 56
886 84
886 112
886 140
886 151
886 168
886 185
889 28
889 56
889 84
889 112
889 140
889 151
889 168
889 185
892 28
892 56
892 84
892 112
892 140
892 151
892 168
892 185
895 28
895 56
895 84
895 112
895 140
895 151
895 168
895 185
898 28
898 56
898 84
898 112
898 140
898 151
898 168
898 185
901 28
901 56
901 84
901 112
901 140
901 151
901 168
901 185
