1991
1991
1991
1991
1991
1991
1991
1991
1991
1991
1991
1931.27
1851.63
1811.81
1771.99
1712.26
1652.53
1592.8
1552.98
1493.25
1433.52
1393.7
1333.97
1274.24
1214.51
1174.69
1114.96
1055.23
1015.41
955.68
895.95
836.22
776.49
736.67
676.94
617.21
557.48
517.66
457.93
398.2
338.47
338.47
318.56
278.74
278.74
258.83
238.92
219.01
219.01
199.1
179.19
179.19
159.28
159.28
139.37
139.37
119.46
119.46
99.55
99.55
99.55
79.64
79.64
79.64
79.64
79.64
79.64
79.64
79.64
79.64
79.64
79.64
79.64
59.73
39.82
39.82
39.82
39.82
19.91
19.91
19.91
0
0
0
0
0
0
0
0
0
0
0
0
0
0
0
0
0
0
0
0
0