1991
1991
1991
1991
1991
1991
1991
1991
1991
1991
1991
2200.04
2209.99
1990.99
1951.17
1981.03
1921.3
1861.57
1732.16
1762.02
1702.29
1572.88
1602.74
1543.01
1483.28
1353.87
1383.73
1324
1194.59
1224.45
1164.72
1104.99
1045.26
915.85
945.71
885.98
826.25
696.84
726.7
666.97
607.24
338.47
408.15
457.92
278.74
348.42
328.51
308.6
219.01
288.69
268.78
179.19
248.87
159.28
228.96
139.37
209.05
119.46
189.14
99.55
99.55
169.23
79.64
79.64
79.64
79.64
79.64
79.64
79.64
79.64
79.64
79.64
79.64
149.32
129.41
39.82
39.82
39.82
109.5
19.91
19.91
89.59
0
0
0
0
0
0
0
0
0
0
0
0
0
0
0
0
0
0
0
0