0
0
0
0
0
0
0
0
0
0
19.51
30.95
24.51
27.80
37.59
42.52
47.45
45.88
55.67
60.60
59.03
68.82
73.75
78.68
77.11
86.90
91.83
90.26
100.05
104.98
109.91
114.84
113.27
123.06
127.99
132.92
131.35
141.14
146.07
151.00
136.42
142.92
151.07
141.35
147.85
149.50
151.14
146.28
152.78
154.43
149.57
156.07
151.21
157.71
152.85
159.36
154.50
161.00
156.14
156.14
162.65
157.79
157.79
157.79
157.79
157.79
157.79
157.79
157.79
157.79
172.37
177.23
174.01
175.65
175.65
175.65
175.65
177.30
177.30
177.30
178.94
178.94
178.94
178.94
174.08
178.94
178.94
174.08
178.94
178.94
178.94
178.94
174.08
178.94
178.94
178.94
174.08
178.94
178.94
178.94
164.36
164.36