0
0.00
0.00
0.00
0.00
0.00
0.00
0.00
0.00
0.00
0.00
0.00
0.00
4.99
11.65
14.97
18.30
23.29
28.28
33.27
36.60
41.59
46.58
49.91
54.90
59.89
64.89
68.21
73.20
78.20
81.52
86.51
91.51
96.50
101.49
104.82
109.81
114.80
119.79
123.12
128.11
133.10
138.09
138.09
139.75
143.08
143.08
144.75
146.41
148.07
148.07
149.74
151.21
151.59
152.85
153.27
154.50
154.96
156.14
156.14
158.56
157.79
157.79
157.79
157.79
157.79
157.79
157.79
157.79
157.79
172.37
161.15
174.01
175.65
173.77
171.22
175.65
177.30
177.30
176.06
178.94
178.94
175.61
178.94
174.08
178.94
178.94
174.08
178.94
178.94
178.94
178.94
174.08
178.94
178.94
178.94
174.08
178.94
178.94
178.94
164.36
164.36