1991
3982
5973
7964
7964
7964
7964
7964
7964
7964
7964
8173.04
8392.03
8392.02
8352.19
8133.18
7844.49
7715.07
7496.06
7277.05
7058.04
6769.35
6639.93
6420.92
6201.91
5982.90
5763.89
5544.88
5256.19
5126.77
4907.76
4688.75
4539.42
4230.82
4011.81
3792.80
3573.79
3354.78
3135.77
2916.76
2697.75
2339.38
2020.83
1811.78
1483.28
1493.23
1413.59
1264.27
1204.54
1144.81
1085.08
955.67
985.53
856.12
816.30
776.48
736.66
696.84
657.02
617.20
507.70
557.47
447.97
428.06
408.15
318.56
318.56
318.56
318.56
318.56
318.56
318.56
318.56
388.24
438.01
398.19
358.37
248.87
228.96
209.05
189.14
238.91
129.41
109.50
89.59
0.00
0.00
0.00
0.00
0.00
0.00
0.00
0.00
0.00
0.00
0.00
0.00
0.00
0.00
0.00
0.00
0.00