0
0
0
0
0
0
0
0
0
0
2000
2000
2000
2000
2000
2000
2000
2000
2000
2000
2000
2000
2000
2000
2000
2000
2000
2000
2000
2000
2000
2000
2000
2000
2000
2000
2000
2000
2000
1958.62
826.25
696.84
726.7
666.97
607.24
338.47
408.15
457.92
278.74
348.42
328.51
308.6
219.01
288.69
268.78
179.19
248.87
159.28
228.96
139.37
209.05
119.46
189.14
99.55
99.55
169.23
79.64
79.64
79.64
79.64
79.64
79.64
79.64
79.64
79.64
79.64
79.64
149.32
129.41
39.82
39.82
39.82
109.5
19.91
19.91
89.59
0
0
0
0
0
0
0
0
0
0
0
0
0
0
0
0