0.00
0.00
0.00
0.00
0.00
0.00
0.00
0.00
0.00
0.00
19.51
30.95
24.51
22.81
25.94
27.55
29.15
22.59
27.39
27.33
22.43
27.23
27.16
28.77
22.20
27.00
26.94
22.04
26.84
26.78
28.39
28.32
21.76
26.56
26.50
28.10
21.54
26.34
26.28
27.88
8.31
9.82
12.98
3.26
8.10
6.41
8.06
1.53
6.37
6.35
1.49
6.33
0.00
6.12
0.00
6.08
0.00
6.04
0.00
0.00
4.09
0.00
0.00
0.00
0.00
0.00
0.00
0.00
0.00
0.00
0.00
16.07
0.00
0.00
1.88
4.43
0.00
0.00
0.00
1.24
0.00
0.00
3.33
0.00
0.00
0.00
0.00
0.00
0.00
0.00
0.00
0.00
0.00
0.00
0.00
0.00
0.00
0.00
0.00
0.00
0.00
0.00