0
0
0
0
0
0
0
0
0
0
0
0
35.55
82.95
106.65
130.35
165.9
201.45
237
260.7
296.25
331.8
355.5
391.05
426.6
462.15
485.85
521.4
556.95
580.65
616.2
651.75
687.3
722.85
746.55
782.1
817.65
853.2
876.9
912.45
948
983.55
983.55
995.4
1019.1
1019.1
1030.95
1042.8
1054.65
1054.65
1066.5
1078.35
1078.35
1090.2
1090.2
1102.05
1102.05
1113.9
1113.9
1125.75
1125.75
1125.75
1137.6
1137.6
1137.6
1137.6
1137.6
1137.6
1137.6
1137.6
1137.6
1242.72
1277.76
1207.68
1219.53
1266.42
1266.42
1266.42
1231.38
1278.27
1278.27
1243.23
1290.12
1290.12
1290.12
1255.08
1290.12
1290.12
1255.08
1290.12
1290.12
1290.12
1290.12
1255.08
1290.12
1290.12
1290.12
1255.08
1290.12
1290.12
1290.12
1290.12