0
0
0
0
0
0
0
0
0
0
0
0
0
4.99
11.65
14.97
18.30
23.29
28.28
33.27
36.60
41.59
46.58
49.91
54.90
59.89
64.89
68.21
73.20
78.20
81.52
86.51
91.51
96.50
101.49
104.82
109.81
114.80
119.79
123.12
128.11
133.10
138.09
138.09
139.75
143.08
143.08
144.75
146.41
148.07
148.07
149.74
151.40
151.40
153.06
153.06
154.73
154.73
156.39
156.39
158.06
158.06
158.06
159.72
159.72
159.72
159.72
159.72
159.72
159.72
159.72
159.72
174.48
179.40
169.56
171.22
177.81
177.81
177.81
172.89
179.47
179.47
174.55
181.13
181.13
181.13
176.21
181.13
181.13
176.21
181.13
181.13
181.13
181.13
176.21
181.13
181.13
181.13
176.21
181.13
181.13
181.13