0
0
0
0
0
0
0
0
0
0
0
140.67
223.11
176.73
200.43
271.02
306.57
342.12
330.78
401.37
436.92
425.58
496.17
531.72
567.27
555.93
626.52
662.07
650.73
721.32
756.87
792.42
827.97
816.63
887.22
922.77
958.32
946.98
1017.57
1053.12
1088.67
983.55
1030.44
1089.18
1019.1
1065.99
1077.84
1089.69
1054.65
1101.54
1113.39
1078.35
1125.24
1090.2
1137.09
1102.05
1148.94
1113.9
1160.79
1125.75
1125.75
1172.64
1137.6
1137.6
1137.6
1137.6
1137.6
1137.6
1137.6
1137.6
1137.6
1242.72
1277.76
1254.57
1266.42
1266.42
1266.42
1266.42
1278.27
1278.27
1278.27
1290.12
1290.12
1290.12
1290.12
1255.08
1290.12
1290.12
1255.08
1290.12
1290.12
1290.12
1290.12
1255.08
1290.12
1290.12
1290.12
1255.08
1290.12
1290.12
1290.12
1185