0
0.00
0.00
0.00
0.00
0.00
0.00
0.00
0.00
0.00
0.00
0.00
0.00
0.00
0.00
0.00
0.00
0.00
0.00
0.00
0.00
0.00
0.00
0.00
0.00
0.00
0.00
0.00
0.00
0.00
0.00
0.00
0.00
0.00
0.00
0.00
0.00
0.00
0.00
0.00
0.00
0.00
0.00
0.00
0.00
0.00
0.00
0.00
0.00
0.00
0.00
0.00
0.19
0.00
0.21
0.00
0.23
0.00
0.25
0.50
0.00
0.27
0.54
2.47
4.41
6.34
8.28
10.21
12.14
14.08
1.43
0.00
0.47
4.21
0.00
0.00
2.15
2.66
3.17
0.00
0.53
1.06
0.00
2.19
9.25
11.44
8.71
15.77
17.96
15.23
17.43
19.62
26.67
28.87
26.14
28.33
35.39
37.58
34.85
37.05
53.82
53.82