Haddam Neck	1635.00	587	560	BWR	120	348	10440	96880	12	1	1967	12	4	1996	0	0	0	0	0	0	540	83	1998	3	16.4	16.4	50	1900	16.4	16.4	50	1968	17.03	17.03	52	1973	20.5	20.5	54	1978	23.44	23.44	54	1983	23.44	23.44	63	1988	30.3	30.3	70	1993	34.58	34.58	78	1998	38.76	38.76	87	2003	43.02	43.02	91	2008	44.72	44.72	91	2013
Oyster Creek	1930.00	641	619	BWR	144	472	14160	92036	12	1	1969	4	9	2009	0	0	0	0	0	0	540	83	1998	3	16.4	16.4	50	1900	16.4	16.4	50	1968	17.03	17.03	52	1973	20.5	20.5	54	1978	23.44	23.44	54	1983	23.44	23.44	63	1988	30.3	30.3	70	1993	34.58	34.58	78	1998	38.76	38.76	87	2003	43.02	43.02	91	2008	44.72	44.72	91	2013
Nine Mile Point 1	1850.00	638	619	BWR	144	716	21480	125252	12	1	1969	8	22	2009	8	22	2029	0	0	0	540	83	1998	3	16.4	16.4	50	1900	16.4	16.4	50	1968	17.03	17.03	52	1973	20.5	20.5	54	1978	23.44	23.44	54	1983	23.44	23.44	63	1988	30.3	30.3	70	1993	34.58	34.58	78	1998	38.76	38.76	87	2003	43.02	43.02	91	2008	44.72	44.72	91	2013
Dresden 2	2527.00	855	787	BWR	150	703	21090	100340	6	9	1970	1	10	2006	12.00	22	2029	0	0	0	540	83	1998	3	16.4	16.4	50	1900	16.4	16.4	50	1968	17.03	17.03	52	1973	20.5	20.5	54	1978	23.44	23.44	54	1983	23.44	23.44	63	1988	30.3	30.3	70	1993	34.58	34.58	78	1998	38.76	38.76	87	2003	43.02	43.02	91	2008	44.72	44.72	91	2013
Millstone 1	1923.00	684	641	BWR	156	715	21450	125252	12	1	1970	7	1	1998	9	8	2030	0	0	0	540	83	1998	3	16.4	16.4	50	1900	16.4	16.4	50	1968	17.03	17.03	52	1973	20.5	20.5	54	1978	23.44	23.44	54	1983	23.44	23.44	63	1988	30.3	30.3	70	1993	34.58	34.58	78	1998	38.76	38.76	87	2003	43.02	43.02	91	2008	44.72	44.72	91	2013
Monticello	1670.00	625	597	BWR	162	471	14130	125252	6	30	1971	9	8	2010	0	0	0	0	0	0	540	83	1998	3	16.4	16.4	50	1900	16.4	16.4	50	1968	17.03	17.03	52	1973	20.5	20.5	54	1978	23.44	23.44	54	1983	23.44	23.44	63	1988	30.3	30.3	70	1993	34.58	34.58	78	1998	38.76	38.76	87	2003	43.02	43.02	91	2008	44.72	44.72	91	2013
Dresden 3	2527.00	851	784	BWR	167	710	21300	125252	11	16	1971	1	12	2011	1.00	12	2031	0	0	0	540	83	1998	3	16.4	16.4	50	1900	16.4	16.4	50	1968	17.03	17.03	52	1973	20.5	20.5	54	1978	23.44	23.44	54	1983	23.44	23.44	63	1988	30.3	30.3	70	1993	34.58	34.58	78	1998	38.76	38.76	87	2003	43.02	43.02	91	2008	44.72	44.72	91	2013
Vermont Yankee	1593.00	531	506	BWR	179	472	14160	132172	11	30	1972	3	12	2012	0	0	0	0	0	0	540	83	1998	3	16.4	16.4	50	1900	16.4	16.4	50	1968	17.03	17.03	52	1973	20.5	20.5	54	1978	23.44	23.44	54	1983	23.44	23.44	63	1988	30.3	30.3	70	1993	34.58	34.58	78	1998	38.76	38.76	87	2003	43.02	43.02	91	2008	44.72	44.72	91	2013
Pilgrim 1	1998.00	691	665	BWR	180	474	14220	132172	12	1	1972	6	8	2012	0	0	0	0	0	0	540	83	1998	3	16.4	16.4	50	1900	16.4	16.4	50	1968	17.03	17.03	52	1973	20.5	20.5	54	1978	23.44	23.44	54	1983	23.44	23.44	63	1988	30.3	30.3	70	1993	34.58	34.58	78	1998	38.76	38.76	87	2003	43.02	43.02	91	2008	44.72	44.72	91	2013
Quad Cities 1	2511.00	806	762	BWR	182	718	21540	132172	2	18	1973	12	14	2012	12.00	14	2032	0	0	0	540	83	1998	3	16.4	16.4	50	1900	16.4	16.4	50	1968	17.03	17.03	52	1973	20.5	20.5	54	1978	23.44	23.44	54	1983	23.44	23.44	63	1988	30.3	30.3	70	1993	34.58	34.58	78	1998	38.76	38.76	87	2003	43.02	43.02	91	2008	44.72	44.72	91	2013
Quad Cities 2	2511.00	819	775	BWR	183	717	21510	96880	3	10	1973	12	14	2012	12.00	14	2032	0	0	0	540	83	1998	3	16.4	16.4	50	1900	16.4	16.4	50	1968	17.03	17.03	52	1973	20.5	20.5	54	1978	23.44	23.44	54	1983	23.44	23.44	63	1988	30.3	30.3	70	1993	34.58	34.58	78	1998	38.76	38.76	87	2003	43.02	43.02	91	2008	44.72	44.72	91	2013
Cooper Station	2381.00	791	758	BWR	199	714	21420	138400	7	1	1974	1	18	2014	1.00	18	2034	0	0	0	540	83	1998	3	16.4	16.4	50	1900	16.4	16.4	50	1968	17.03	17.03	52	1973	20.5	20.5	54	1978	23.44	23.44	54	1983	23.44	23.44	63	1988	30.3	30.3	70	1993	34.58	34.58	78	1998	38.76	38.76	87	2003	43.02	43.02	91	2008	44.72	44.72	91	2013
Peach Bottom 2	3458.00	1159	1093	BWR	199	709	21270	132172	7	5	1974	8	8	2013	8.00	8	2033	0	0	0	540	83	1998	3	16.4	16.4	50	1900	16.4	16.4	50	1968	17.03	17.03	52	1973	20.5	20.5	54	1978	23.44	23.44	54	1983	23.44	23.44	63	1988	30.3	30.3	70	1993	34.58	34.58	78	1998	38.76	38.76	87	2003	43.02	43.02	91	2008	44.72	44.72	91	2013
Browns Ferry 1	3293.00	1098	1065	BWR	200	712	21360	107952	8	1	1974	12	20	1985	12.00	20	2033	0	0	0	540	83	1998	3	16.4	16.4	50	1900	16.4	16.4	50	1968	17.03	17.03	52	1973	20.5	20.5	54	1978	23.44	23.44	54	1983	23.44	23.44	63	1988	30.3	30.3	70	1993	34.58	34.58	78	1998	38.76	38.76	87	2003	43.02	43.02	91	2008	44.72	44.72	91	2013
Peach Bottom 3	3458.00	1159	1093	BWR	204	715	21450	132172	12	23	1974	7	2	2014	7.00	2	2034	0	0	0	540	83	1998	3	16.4	16.4	50	1900	16.4	16.4	50	1968	17.03	17.03	52	1973	20.5	20.5	54	1978	23.44	23.44	54	1983	23.44	23.44	63	1988	30.3	30.3	70	1993	34.58	34.58	78	1998	38.76	38.76	87	2003	43.02	43.02	91	2008	44.72	44.72	91	2013
Hatch 1	2558.00	959	924	BWR	204	716	21480	132172	12	31	1974	8	6	2014	8.00	6	2034	0	0	0	540	83	1998	3	16.4	16.4	50	1900	16.4	16.4	50	1968	17.03	17.03	52	1973	20.5	20.5	54	1978	23.44	23.44	54	1983	23.44	23.44	63	1988	30.3	30.3	70	1993	34.58	34.58	78	1998	38.76	38.76	87	2003	43.02	43.02	91	2008	44.72	44.72	91	2013
Duane Arnold	1658.00	520	550	BWR	206	708	21240	68703.2	2	1	1975	2	2	2014	2.00	21	2034	0	0	0	540	83	1998	3	16.4	16.4	50	1900	16.4	16.4	50	1968	17.03	17.03	52	1973	20.5	20.5	54	1978	23.44	23.44	54	1983	23.44	23.44	63	1988	30.3	30.3	70	1993	34.58	34.58	78	1998	38.76	38.76	87	2003	43.02	43.02	91	2008	44.72	44.72	91	2013
Browns Ferry 2	3293.00	1151	1118	BWR	207	711	21330	89270.4	3	1	1975	6	28	2014	6.00	28	2034	0	0	0	540	83	1998	3	16.4	16.4	50	1900	16.4	16.4	50	1968	17.03	17.03	52	1973	20.5	20.5	54	1978	23.44	23.44	54	1983	23.44	23.44	63	1988	30.3	30.3	70	1993	34.58	34.58	78	1998	38.76	38.76	87	2003	43.02	43.02	91	2008	44.72	44.72	91	2013
FitzPatrick	2536.00	847	820	BWR	211	711	21330	68703.2	7	28	1975	10	17	2014	10.00	17	2034	0	0	0	540	83	1998	3	16.4	16.4	50	1900	16.4	16.4	50	1968	17.03	17.03	52	1973	20.5	20.5	54	1978	23.44	23.44	54	1983	23.44	23.44	63	1988	30.3	30.3	70	1993	34.58	34.58	78	1998	38.76	38.76	87	2003	43.02	43.02	91	2008	44.72	44.72	91	2013
Brunswick 2	2436.00	839	811	BWR	215	709	21270	68703.2	11	3	1975	12	27	2014	12.00	27	2034	0	0	0	540	83	1998	3	16.4	16.4	50	1900	16.4	16.4	50	1968	17.03	17.03	52	1973	20.5	20.5	54	1978	23.44	23.44	54	1983	23.44	23.44	63	1988	30.3	30.3	70	1993	34.58	34.58	78	1998	38.76	38.76	87	2003	43.02	43.02	91	2008	44.72	44.72	91	2013
Browns Ferry 3	3293.00	1144	1118	BWR	231	712	21360	94959.2	3	1	1977	7	2	2016	7.00	2	2036	0	0	0	540	83	1998	3	16.4	16.4	50	1900	16.4	16.4	50	1968	17.03	17.03	52	1973	20.5	20.5	54	1978	23.44	23.44	54	1983	23.44	23.44	63	1988	30.3	30.3	70	1993	34.58	34.58	78	1998	38.76	38.76	87	2003	43.02	43.02	91	2008	44.72	44.72	91	2013
Brunswick 1	2436.00	844	820	BWR	231	714	21420	52949.6	3	18	1977	9	18	2016	9.00	8	2036	0	0	0	540	83	1998	3	16.4	16.4	50	1900	16.4	16.4	50	1968	17.03	17.03	52	1973	20.5	20.5	54	1978	23.44	23.44	54	1983	23.44	23.44	63	1988	30.3	30.3	70	1993	34.58	34.58	78	1998	38.76	38.76	87	2003	43.02	43.02	91	2008	44.72	44.72	91	2013
Hatch 2	2558.00	959	924	BWR	261	705	21150	52949.6	9	5	1979	6	13	2018	6.00	13	2038	0	0	0	540	83	1998	3	16.4	16.4	50	1900	16.4	16.4	50	1968	17.03	17.03	52	1973	20.5	20.5	54	1978	23.44	23.44	54	1983	23.44	23.44	63	1988	30.3	30.3	70	1993	34.58	34.58	78	1998	38.76	38.76	87	2003	43.02	43.02	91	2008	44.72	44.72	91	2013
Susquehanna 1	3441.00	1128	1090	BWR	306	709	21270	77455.2	6	8	1983	7	17	2022	7.00	17	2042	0	0	0	540	83	1998	3	16.4	16.4	50	1900	16.4	16.4	50	1968	17.03	17.03	52	1973	20.5	20.5	54	1978	23.44	23.44	54	1983	23.44	23.44	63	1988	30.3	30.3	70	1993	34.58	34.58	78	1998	38.76	38.76	87	2003	43.02	43.02	91	2008	44.72	44.72	91	2013
LaSalle County 1	3323.00	1238	1128	BWR	313	460	13800	68703.2	1	1	1984	5	17	2022	0	0	0	0	0	0	540	83	1998	3	16.4	16.4	50	1900	16.4	16.4	50	1968	17.03	17.03	52	1973	20.5	20.5	54	1978	23.44	23.44	54	1983	23.44	23.44	63	1988	30.3	30.3	70	1993	34.58	34.58	78	1998	38.76	38.76	87	2003	43.02	43.02	91	2008	44.72	44.72	91	2013
LaSalle County 2	3323.00	1241	1131	BWR	322	470	14100	77455.2	10	19	1984	12	16	2023	0	0	0	0	0	0	540	83	1998	3	16.4	16.4	50	1900	16.4	16.4	50	1968	17.03	17.03	52	1973	20.5	20.5	54	1978	23.44	23.44	54	1983	23.44	23.44	63	1988	30.3	30.3	70	1993	34.58	34.58	78	1998	38.76	38.76	87	2003	43.02	43.02	91	2008	44.72	44.72	91	2013
Columbia	3323.00	1158	1112	BWR	324	468	14040	68703.2	12	13	1984	12	20	2023	0	0	0	0	0	0	540	83	1998	3	16.4	16.4	50	1900	16.4	16.4	50	1968	17.03	17.03	52	1973	20.5	20.5	54	1978	23.44	23.44	54	1983	23.44	23.44	63	1988	30.3	30.3	70	1993	34.58	34.58	78	1998	38.76	38.76	87	2003	43.02	43.02	91	2008	44.72	44.72	91	2013
Susquehanna 2	3441.00	1132	1094	BWR	326	709	21270	68703.2	2	12	1985	3	23	2024	3.00	23	2044	0	0	0	540	83	1998	3	16.4	16.4	50	1900	16.4	16.4	50	1968	17.03	17.03	52	1973	20.5	20.5	54	1978	23.44	23.44	54	1983	23.44	23.44	63	1988	30.3	30.3	70	1993	34.58	34.58	78	1998	38.76	38.76	87	2003	43.02	43.02	91	2008	44.72	44.72	91	2013
Grand Gulf 1	3833.00	1260	1210	BWR	331	443	13290	84456.8	7	1	1985	6	12	2022	0	0	0	0	0	0	540	83	1998	3	16.4	16.4	50	1900	16.4	16.4	50	1968	17.03	17.03	52	1973	20.5	20.5	54	1978	23.44	23.44	54	1983	23.44	23.44	63	1988	30.3	30.3	70	1993	34.58	34.58	78	1998	38.76	38.76	87	2003	43.02	43.02	91	2008	44.72	44.72	91	2013
Limerick 1	3293.00	1174	1134	BWR	338	464	13920	94959.2	2	1	1986	10	26	2024	0	0	0	0	0	0	540	83	1998	3	16.4	16.4	50	1900	16.4	16.4	50	1968	17.03	17.03	52	1973	20.5	20.5	54	1978	23.44	23.44	54	1983	23.44	23.44	63	1988	30.3	30.3	70	1993	34.58	34.58	78	1998	38.76	38.76	87	2003	43.02	43.02	91	2008	44.72	44.72	91	2013
River Bend 1	2894.00	1036	936	BWR	342	470	14100	84456.8	6	16	1986	8	29	2025	0	0	0	0	0	0	540	83	1998	3	16.4	16.4	50	1900	16.4	16.4	50	1968	17.03	17.03	52	1973	20.5	20.5	54	1978	23.44	23.44	54	1983	23.44	23.44	63	1988	30.3	30.3	70	1993	34.58	34.58	78	1998	38.76	38.76	87	2003	43.02	43.02	91	2008	44.72	44.72	91	2013
Hope Creek	3293.00	1076	1031	BWR	348	712	21360	94959.2	12	20	1986	4	11	2026	4.00	11	2046	0	0	0	540	83	1998	3	16.4	16.4	50	1900	16.4	16.4	50	1968	17.03	17.03	52	1973	20.5	20.5	54	1978	23.44	23.44	54	1983	23.44	23.44	63	1988	30.3	30.3	70	1993	34.58	34.58	78	1998	38.76	38.76	87	2003	43.02	43.02	91	2008	44.72	44.72	91	2013
Perry 1	3579.00	1228	1169	BWR	359	460	13800	84456.8	11	18	1987	3	18	2026	0	0	0	0	0	0	540	83	1998	3	16.4	16.4	50	1900	16.4	16.4	50	1968	17.03	17.03	52	1973	20.5	20.5	54	1978	23.44	23.44	54	1983	23.44	23.44	63	1988	30.3	30.3	70	1993	34.58	34.58	78	1998	38.76	38.76	87	2003	43.02	43.02	91	2008	44.72	44.72	91	2013
Clinton 1	2894.00	973	930	BWR	359	466	13980	105461.6	11	24	1987	9	29	2026	0	0	0	0	0	0	540	83	1998	3	16.4	16.4	50	1900	16.4	16.4	50	1968	17.03	17.03	52	1973	20.5	20.5	54	1978	23.44	23.44	54	1983	23.44	23.44	63	1988	30.3	30.3	70	1993	34.58	34.58	78	1998	38.76	38.76	87	2003	43.02	43.02	91	2008	44.72	44.72	91	2013
Enrico Fermi 2	3430.00	1160	1110	BWR	361	446	13380	84456.8	1	23	1988	3	20	2025	0	0	0	0	0	0	540	83	1998	3	16.4	16.4	50	1900	16.4	16.4	50	1968	17.03	17.03	52	1973	20.5	20.5	54	1978	23.44	23.44	54	1983	23.44	23.44	63	1988	30.3	30.3	70	1993	34.58	34.58	78	1998	38.76	38.76	87	2003	43.02	43.02	91	2008	44.72	44.72	91	2013
Nine Mile Point 2	3467.00	1219	1154	BWR	363	703	21090	68703.2	3	11	1988	10	31	2026	10.00	31	2046	0	0	0	540	83	1998	3	16.4	16.4	50	1900	16.4	16.4	50	1968	17.03	17.03	52	1973	20.5	20.5	54	1978	23.44	23.44	54	1983	23.44	23.44	63	1988	30.3	30.3	70	1993	34.58	34.58	78	1998	38.76	38.76	87	2003	43.02	43.02	91	2008	44.72	44.72	91	2013
Limerick 2	3458.00	1190	1150	BWR	385	473	14190	84456.8	1	8	1990	6	22	2029	0	0	0	0	0	0	540	83	1998	3	16.4	16.4	50	1900	16.4	16.4	50	1968	17.03	17.03	52	1973	20.5	20.5	54	1978	23.44	23.44	54	1983	23.44	23.44	63	1988	30.3	30.3	70	1993	34.58	34.58	78	1998	38.76	38.76	87	2003	43.02	43.02	91	2008	44.72	44.72	91	2013
San Onofre 1	1308.00	456	436	PWR	116	747	22410	68703.2	8	8	1967	11	30	1992	4	9	2029	0	0	0	540	87	1998	3	21	21	54	1900	21	21	54	1968	21.5	21.5	56	1973	21.82	21.82	58	1978	29.42	29.42	58	1983	31.5	31.5	67	1988	34.26	34.26	74	1993	40.98	40.98	78	1998	45.4	45.4	87	2003	46.9	46.9	91	2008	45.96	45.96	91	2013
Ginna	1520.00	508	498	PWR	151	710	21300	83732	7	1	1970	9	18	2009	9.00	18	2029	0	0	0	540	87	1998	3	21	21	54	1900	21	21	54	1968	21.5	21.5	56	1973	21.82	21.82	58	1978	29.42	29.42	58	1983	31.5	31.5	67	1988	34.26	34.26	74	1993	40.98	40.98	78	1998	45.4	45.4	87	2003	46.9	46.9	91	2008	45.96	45.96	91	2013
Point Beach 1	1518.00	529	505	PWR	156	718	21540	63664	12	21	1970	10	5	2010	10.00	5	2030	0	0	0	540	87	1998	3	21	21	54	1900	21	21	54	1968	21.5	21.5	56	1973	21.82	21.82	58	1978	29.42	29.42	58	1983	31.5	31.5	67	1988	34.26	34.26	74	1993	40.98	40.98	78	1998	45.4	45.4	87	2003	46.9	46.9	91	2008	45.96	45.96	91	2013
Robinson 2	2300.00	700	683	PWR	159	712	21360	100340	3	7	1971	7	31	2010	7.00	31	2030	0	0	0	540	87	1998	3	21	21	54	1900	21	21	54	1968	21.5	21.5	56	1973	21.82	21.82	58	1978	29.42	29.42	58	1983	31.5	31.5	67	1988	34.26	34.26	74	1993	40.98	40.98	78	1998	45.4	45.4	87	2003	46.9	46.9	91	2008	45.96	45.96	91	2013
Palisades	2530.00	800	760	PWR	168	519	15570	94804	12	31	1971	3	24	2015	0	0	0	0	0	0	540	87	1998	3	21	21	54	1900	21	21	54	1968	21.5	21.5	56	1973	21.82	21.82	58	1978	29.42	29.42	58	1983	31.5	31.5	67	1988	34.26	34.26	74	1993	40.98	40.98	78	1998	45.4	45.4	87	2003	46.9	46.9	91	2008	45.96	45.96	91	2013
Point Beach 2	1518.00	531	507	PWR	178	725	21750	132172	10	1	1972	3	18	2013	3.00	8	2033	0	0	0	540	87	1998	3	21	21	54	1900	21	21	54	1968	21.5	21.5	56	1973	21.82	21.82	58	1978	29.42	29.42	58	1983	31.5	31.5	67	1988	34.26	34.26	74	1993	40.98	40.98	78	1998	45.4	45.4	87	2003	46.9	46.9	91	2008	45.96	45.96	91	2013
Turkey Point 3	2300.00	726	693	PWR	180	715	21450	96880	12	14	1972	7	19	2012	7.00	19	2032	0	0	0	540	87	1998	3	21	21	54	1900	21	21	54	1968	21.5	21.5	56	1973	21.82	21.82	58	1978	29.42	29.42	58	1983	31.5	31.5	67	1988	34.26	34.26	74	1993	40.98	40.98	78	1998	45.4	45.4	87	2003	46.9	46.9	91	2008	45.96	45.96	91	2013
Surry 1	2546.00	849	810	PWR	180	713	21390	63664	12	22	1972	5	25	2012	5.00	25	2032	0	0	0	540	87	1998	3	21	21	54	1900	21	21	54	1968	21.5	21.5	56	1973	21.82	21.82	58	1978	29.42	29.42	58	1983	31.5	31.5	67	1988	34.26	34.26	74	1993	40.98	40.98	78	1998	45.4	45.4	87	2003	46.9	46.9	91	2008	45.96	45.96	91	2013
Surry 2	2546.00	854	815	PWR	185	716	21480	96880	5	1	1973	1	29	2013	1.00	29	2033	0	0	0	540	87	1998	3	21	21	54	1900	21	21	54	1968	21.5	21.5	56	1973	21.82	21.82	58	1978	29.42	29.42	58	1983	31.5	31.5	67	1988	34.26	34.26	74	1993	40.98	40.98	78	1998	45.4	45.4	87	2003	46.9	46.9	91	2008	45.96	45.96	91	2013
Zion 1	3224.00	1085	1040	PWR	186	295	8850	132172	6	1	1973	1	1	1998	0	0	0	0	0	0	540	87	1998	3	21	21	54	1900	21	21	54	1968	21.5	21.5	56	1973	21.82	21.82	58	1978	29.42	29.42	58	1983	31.5	31.5	67	1988	34.26	34.26	74	1993	40.98	40.98	78	1998	45.4	45.4	87	2003	46.9	46.9	91	2008	45.96	45.96	91	2013
Fort Calhoun	1500.00	500	476	PWR	186	482	14460	96880	6	20	1973	8	9	2013	0	0	0	0	0	0	540	87	1998	3	21	21	54	1900	21	21	54	1968	21.5	21.5	56	1973	21.82	21.82	58	1978	29.42	29.42	58	1983	31.5	31.5	67	1988	34.26	34.26	74	1993	40.98	40.98	78	1998	45.4	45.4	87	2003	46.9	46.9	91	2008	45.96	45.96	91	2013
Oconee 1	2568.00	886	846	PWR	187	715	21450	96880	7	15	1973	2	6	2033	2.00	6	2033	0	0	0	540	87	1998	3	21	21	54	1900	21	21	54	1968	21.5	21.5	56	1973	21.82	21.82	58	1978	29.42	29.42	58	1983	31.5	31.5	67	1988	34.26	34.26	74	1993	40.98	40.98	78	1998	45.4	45.4	87	2003	46.9	46.9	91	2008	45.96	45.96	91	2013
Turkey Point 4	2300.00	726	693	PWR	189	715	21450	132172	9	7	1973	4	10	2013	4.00	10	2033	0	0	0	540	87	1998	3	21	21	54	1900	21	21	54	1968	21.5	21.5	56	1973	21.82	21.82	58	1978	29.42	29.42	58	1983	31.5	31.5	67	1988	34.26	34.26	74	1993	40.98	40.98	78	1998	45.4	45.4	87	2003	46.9	46.9	91	2008	45.96	45.96	91	2013
Zion 2	3224.00	1085	1040	PWR	190	291	8730	132172	10	1	1973	1	1	1998	0	0	0	0	0	0	540	87	1998	3	21	21	54	1900	21	21	54	1968	21.5	21.5	56	1973	21.82	21.82	58	1978	29.42	29.42	58	1983	31.5	31.5	67	1988	34.26	34.26	74	1993	40.98	40.98	78	1998	45.4	45.4	87	2003	46.9	46.9	91	2008	45.96	45.96	91	2013
Maine Yankee	2610.00	900	860	PWR	191	285	8550	132172	11	1	1973	8	1	1997	0	0	0	0	0	0	540	87	1998	3	21	21	54	1900	21	21	54	1968	21.5	21.5	56	1973	21.82	21.82	58	1978	29.42	29.42	58	1983	31.5	31.5	67	1988	34.26	34.26	74	1993	40.98	40.98	78	1998	45.4	45.4	87	2003	46.9	46.9	91	2008	45.96	45.96	91	2013
Prairie Island 1	1650.00	557	525	PWR	192	716	21480	132172	12	16	1973	8	9	2013	8.00	9	2033	0	0	0	540	87	1998	3	21	21	54	1900	21	21	54	1968	21.5	21.5	56	1973	21.82	21.82	58	1978	29.42	29.42	58	1983	31.5	31.5	67	1988	34.26	34.26	74	1993	40.98	40.98	78	1998	45.4	45.4	87	2003	46.9	46.9	91	2008	45.96	45.96	91	2013
Kewaunee	1650.00	530	530	PWR	198	474	14220	132172	6	16	1974	12	21	2013	0	0	0	0	0	0	540	87	1998	3	21	21	54	1900	21	21	54	1968	21.5	21.5	56	1973	21.82	21.82	58	1978	29.42	29.42	58	1983	31.5	31.5	67	1988	34.26	34.26	74	1993	40.98	40.98	78	1998	45.4	45.4	87	2003	46.9	46.9	91	2008	45.96	45.96	91	2013
Indian Point 2	3071.00	975	975	PWR	200	469	14070	132172	8	1	1974	9	28	2013	0	0	0	0	0	0	540	87	1998	3	21	21	54	1900	21	21	54	1968	21.5	21.5	56	1973	21.82	21.82	58	1978	29.42	29.42	58	1983	31.5	31.5	67	1988	34.26	34.26	74	1993	40.98	40.98	78	1998	45.4	45.4	87	2003	46.9	46.9	91	2008	45.96	45.96	91	2013
Three Mile Island 1	2568.00	959	880	PWR	201	715	21450	129404	9	2	1974	4	19	2014	4.00	19	2034	0	0	0	540	87	1998	3	21	21	54	1900	21	21	54	1968	21.5	21.5	56	1973	21.82	21.82	58	1978	29.42	29.42	58	1983	31.5	31.5	67	1988	34.26	34.26	74	1993	40.98	40.98	78	1998	45.4	45.4	87	2003	46.9	46.9	91	2008	45.96	45.96	91	2013
Oconee 2	2568.00	886	846	PWR	201	709	21270	107952	9	9	1974	10	6	2033	10.00	6	2033	0	0	0	540	87	1998	3	21	21	54	1900	21	21	54	1968	21.5	21.5	56	1973	21.82	21.82	58	1978	29.42	29.42	58	1983	31.5	31.5	67	1988	34.26	34.26	74	1993	40.98	40.98	78	1998	45.4	45.4	87	2003	46.9	46.9	91	2008	45.96	45.96	91	2013
Rancho Seco	2754.00	917	873	PWR	203	175	5250	132172	11	1	1974	6	7	1989	0	0	0	0	0	0	540	87	1998	3	21	21	54	1900	21	21	54	1968	21.5	21.5	56	1973	21.82	21.82	58	1978	29.42	29.42	58	1983	31.5	31.5	67	1988	34.26	34.26	74	1993	40.98	40.98	78	1998	45.4	45.4	87	2003	46.9	46.9	91	2008	45.96	45.96	91	2013
Oconee 3	2568.00	886	846	PWR	204	715	21450	68703.2	12	16	1974	7	19	2034	7.00	19	2034	0	0	0	540	87	1998	3	21	21	54	1900	21	21	54	1968	21.5	21.5	56	1973	21.82	21.82	58	1978	29.42	29.42	58	1983	31.5	31.5	67	1988	34.26	34.26	74	1993	40.98	40.98	78	1998	45.4	45.4	87	2003	46.9	46.9	91	2008	45.96	45.96	91	2013
Arkansas Nuclear 1	2568.00	960	836	PWR	204	713	21390	52949.6	12	19	1974	5	20	2014	5.00	20.00	2034	0	0	0	540	87	1998	3	21	21	54	1900	21	21	54	1968	21.5	21.5	56	1973	21.82	21.82	58	1978	29.42	29.42	58	1983	31.5	31.5	67	1988	34.26	34.26	74	1993	40.98	40.98	78	1998	45.4	45.4	87	2003	46.9	46.9	91	2008	45.96	45.96	91	2013
Prairie Island 2	1650.00	556	524	PWR	204	718	21540	52949.6	12	21	1974	10	29	2014	10.00	29	2034	0	0	0	540	87	1998	3	21	21	54	1900	21	21	54	1968	21.5	21.5	56	1973	21.82	21.82	58	1978	29.42	29.42	58	1983	31.5	31.5	67	1988	34.26	34.26	74	1993	40.98	40.98	78	1998	45.4	45.4	87	2003	46.9	46.9	91	2008	45.96	45.96	91	2013
Calvert Cliffs 1	2700.00	865	835	PWR	209	710	21300	52949.6	5	8	1975	7	31	2034	7.00	31	2034	0	0	0	540	87	1998	3	21	21	54	1900	21	21	54	1968	21.5	21.5	56	1973	21.82	21.82	58	1978	29.42	29.42	58	1983	31.5	31.5	67	1988	34.26	34.26	74	1993	40.98	40.98	78	1998	45.4	45.4	87	2003	46.9	46.9	91	2008	45.96	45.96	91	2013
Cook 1	3250.00	1056	1000	PWR	212	710	21300	68703.2	8	23	1975	10	25	2014	10.00	25	2034	0	0	0	540	87	1998	3	21	21	54	1900	21	21	54	1968	21.5	21.5	56	1973	21.82	21.82	58	1978	29.42	29.42	58	1983	31.5	31.5	67	1988	34.26	34.26	74	1993	40.98	40.98	78	1998	45.4	45.4	87	2003	46.9	46.9	91	2008	45.96	45.96	91	2013
Millstone 2	2700.00	903	872	PWR	216	715	21450	84456.8	12	26	1975	7	31	2015	7.00	31	2035	0	0	0	540	87	1998	3	21	21	54	1900	21	21	54	1968	21.5	21.5	56	1973	21.82	21.82	58	1978	29.42	29.42	58	1983	31.5	31.5	67	1988	34.26	34.26	74	1993	40.98	40.98	78	1998	45.4	45.4	87	2003	46.9	46.9	91	2008	45.96	45.96	91	2013
Trojan	3192.00	1155	1095	PWR	222	689	20670	58200.8	6	1	1976	11	9	1992	8	9	2033	0	0	0	540	87	1998	3	21	21	54	1900	21	21	54	1968	21.5	21.5	56	1973	21.82	21.82	58	1978	29.42	29.42	58	1983	31.5	31.5	67	1988	34.26	34.26	74	1993	40.98	40.98	78	1998	45.4	45.4	87	2003	46.9	46.9	91	2008	45.96	45.96	91	2013
Indian Point 3	3025.00	1005	970	PWR	224	472	14160	77455.2	8	30	1976	12	12	2015	0	0	0	0	0	0	540	87	1998	3	21	21	54	1900	21	21	54	1968	21.5	21.5	56	1973	21.82	21.82	58	1978	29.42	29.42	58	1983	31.5	31.5	67	1988	34.26	34.26	74	1993	40.98	40.98	78	1998	45.4	45.4	87	2003	46.9	46.9	91	2008	45.96	45.96	91	2013
Beaver Valley 1	2652.00	860	810	PWR	226	711	21330	68703.2	10	1	1976	1	29	2016	1.00	29	2036	0	0	0	540	87	1998	3	21	21	54	1900	21	21	54	1968	21.5	21.5	56	1973	21.82	21.82	58	1978	29.42	29.42	58	1983	31.5	31.5	67	1988	34.26	34.26	74	1993	40.98	40.98	78	1998	45.4	45.4	87	2003	46.9	46.9	91	2008	45.96	45.96	91	2013
St. Lucie 1	2700.00	872	839	PWR	228	711	21330	84456.8	12	21	1976	3	1	2016	3.00	1	2036	0	0	0	540	87	1998	3	21	21	54	1900	21	21	54	1968	21.5	21.5	56	1973	21.82	21.82	58	1978	29.42	29.42	58	1983	31.5	31.5	67	1988	34.26	34.26	74	1993	40.98	40.98	78	1998	45.4	45.4	87	2003	46.9	46.9	91	2008	45.96	45.96	91	2013
Crystal River 3	2568.00	876	834	PWR	231	681	20430	52949.6	3	13	1977	12	3	2016	12	21	2033	0	0	0	540	87	1998	3	21	21	54	1900	21	21	54	1968	21.5	21.5	56	1973	21.82	21.82	58	1978	29.42	29.42	58	1983	31.5	31.5	67	1988	34.26	34.26	74	1993	40.98	40.98	78	1998	45.4	45.4	87	2003	46.9	46.9	91	2008	45.96	45.96	91	2013
Calvert Cliffs 2	2700.00	870	840	PWR	232	712	21360	84456.8	4	1	1977	8	13	2036	8.00	13	2036	0	0	0	540	87	1998	3	21	21	54	1900	21	21	54	1968	21.5	21.5	56	1973	21.82	21.82	58	1978	29.42	29.42	58	1983	31.5	31.5	67	1988	34.26	34.26	74	1993	40.98	40.98	78	1998	45.4	45.4	87	2003	46.9	46.9	91	2008	45.96	45.96	91	2013
Salem 1	3411.00	1149	1106	PWR	234	710	21300	77455.2	6	30	1977	8	13	2016	8.00	13	2036	0	0	0	540	87	1998	3	21	21	54	1900	21	21	54	1968	21.5	21.5	56	1973	21.82	21.82	58	1978	29.42	29.42	58	1983	31.5	31.5	67	1988	34.26	34.26	74	1993	40.98	40.98	78	1998	45.4	45.4	87	2003	46.9	46.9	91	2008	45.96	45.96	91	2013
Farley 1	2652.00	877	833	PWR	240	714	21420	77455.2	12	1	1977	6	25	2017	6.00	25	2037	0	0	0	540	87	1998	3	21	21	54	1900	21	21	54	1968	21.5	21.5	56	1973	21.82	21.82	58	1978	29.42	29.42	58	1983	31.5	31.5	67	1988	34.26	34.26	74	1993	40.98	40.98	78	1998	45.4	45.4	87	2003	46.9	46.9	91	2008	45.96	45.96	91	2013
North Anna 1	2893.00	972	925	PWR	246	718	21540	77455.2	6	6	1978	4	1	2018	4.00	1	2038	0	0	0	540	87	1998	3	21	21	54	1900	21	21	54	1968	21.5	21.5	56	1973	21.82	21.82	58	1978	29.42	29.42	58	1983	31.5	31.5	67	1988	34.26	34.26	74	1993	40.98	40.98	78	1998	45.4	45.4	87	2003	46.9	46.9	91	2008	45.96	45.96	91	2013
Cook 2	3411.00	1100	1060	PWR	247	713	21390	77455.2	7	1	1978	12	23	2017	12.00	23	2037	0	0	0	540	87	1998	3	21	21	54	1900	21	21	54	1968	21.5	21.5	56	1973	21.82	21.82	58	1978	29.42	29.42	58	1983	31.5	31.5	67	1988	34.26	34.26	74	1993	40.98	40.98	78	1998	45.4	45.4	87	2003	46.9	46.9	91	2008	45.96	45.96	91	2013
Davis-Besse	2772.00	917	873	PWR	247	465	13950	77455.2	7	31	1978	4	22	2017	0	0	0	0	0	0	540	87	1998	3	21	21	54	1900	21	21	54	1968	21.5	21.5	56	1973	21.82	21.82	58	1978	29.42	29.42	58	1983	31.5	31.5	67	1988	34.26	34.26	74	1993	40.98	40.98	78	1998	45.4	45.4	87	2003	46.9	46.9	91	2008	45.96	45.96	91	2013
Arkansas Nuclear 2	2815.00	952	858	PWR	267	700	21000	94959.2	3	26	1980	7	17	2018	7.00	17	2038	0	0	0	540	87	1998	3	21	21	54	1900	21	21	54	1968	21.5	21.5	56	1973	21.82	21.82	58	1978	29.42	29.42	58	1983	31.5	31.5	67	1988	34.26	34.26	74	1993	40.98	40.98	78	1998	45.4	45.4	87	2003	46.9	46.9	91	2008	45.96	45.96	91	2013
North Anna 2	2893.00	964	917	PWR	276	716	21480	84456.8	12	14	1980	8	21	2020	8.00	21	2040	0	0	0	540	87	1998	3	21	21	54	1900	21	21	54	1968	21.5	21.5	56	1973	21.82	21.82	58	1978	29.42	29.42	58	1983	31.5	31.5	67	1988	34.26	34.26	74	1993	40.98	40.98	78	1998	45.4	45.4	87	2003	46.9	46.9	91	2008	45.96	45.96	91	2013
Sequoyah 1	3411.00	1148	1122	PWR	283	470	14100	94959.2	7	1	1981	9	17	2020	0	0	0	0	0	0	540	87	1998	3	21	21	54	1900	21	21	54	1968	21.5	21.5	56	1973	21.82	21.82	58	1978	29.42	29.42	58	1983	31.5	31.5	67	1988	34.26	34.26	74	1993	40.98	40.98	78	1998	45.4	45.4	87	2003	46.9	46.9	91	2008	45.96	45.96	91	2013
Farley 2	2652.00	884	842	PWR	283	716	21480	84456.8	7	30	1981	3	31	2021	3.00	31	2041	0	0	0	540	87	1998	3	21	21	54	1900	21	21	54	1968	21.5	21.5	56	1973	21.82	21.82	58	1978	29.42	29.42	58	1983	31.5	31.5	67	1988	34.26	34.26	74	1993	40.98	40.98	78	1998	45.4	45.4	87	2003	46.9	46.9	91	2008	45.96	45.96	91	2013
Salem 2	3411.00	1149	1106	PWR	286	702	21060	84456.8	10	13	1981	4	18	2020	4.00	18	2040	0	0	0	540	87	1998	3	21	21	54	1900	21	21	54	1968	21.5	21.5	56	1973	21.82	21.82	58	1978	29.42	29.42	58	1983	31.5	31.5	67	1988	34.26	34.26	74	1993	40.98	40.98	78	1998	45.4	45.4	87	2003	46.9	46.9	91	2008	45.96	45.96	91	2013
McGuire 1	3411.00	1142	1100	PWR	288	714	21420	68703.2	12	1	1981	6	12	2021	6.00	12	2041	0	0	0	540	87	1998	3	21	21	54	1900	21	21	54	1968	21.5	21.5	56	1973	21.82	21.82	58	1978	29.42	29.42	58	1983	31.5	31.5	67	1988	34.26	34.26	74	1993	40.98	40.98	78	1998	45.4	45.4	87	2003	46.9	46.9	91	2008	45.96	45.96	91	2013
Sequoyah 2	3411.00	1160	1117	PWR	294	471	14130	94959.2	6	1	1982	9	15	2021	0	0	0	0	0	0	540	87	1998	3	21	21	54	1900	21	21	54	1968	21.5	21.5	56	1973	21.82	21.82	58	1978	29.42	29.42	58	1983	31.5	31.5	67	1988	34.26	34.26	74	1993	40.98	40.98	78	1998	45.4	45.4	87	2003	46.9	46.9	91	2008	45.96	45.96	91	2013
St. Lucie 2	2700.00	882	839	PWR	308	716	21480	94959.2	8	8	1983	4	6	2023	4.00	6	2043	0	0	0	540	87	1998	3	21	21	54	1900	21	21	54	1968	21.5	21.5	56	1973	21.82	21.82	58	1978	29.42	29.42	58	1983	31.5	31.5	67	1988	34.26	34.26	74	1993	40.98	40.98	78	1998	45.4	45.4	87	2003	46.9	46.9	91	2008	45.96	45.96	91	2013
San Onofre 2	3390.00	1127	1070	PWR	308	362	10860	84456.8	8	8	1983	10	18	2013	0	0	0	0	0	0	540	87	1998	3	21	21	54	1900	21	21	54	1968	21.5	21.5	56	1973	21.82	21.82	58	1978	29.42	29.42	58	1983	31.5	31.5	67	1988	34.26	34.26	74	1993	40.98	40.98	78	1998	45.4	45.4	87	2003	46.9	46.9	91	2008	45.96	45.96	91	2013
Summer 1	2900.00	1003	966	PWR	313	703	21090	68703.2	1	1	1984	8	6	2022	8.00	6	2042	0	0	0	540	87	1998	3	21	21	54	1900	21	21	54	1968	21.5	21.5	56	1973	21.82	21.82	58	1978	29.42	29.42	58	1983	31.5	31.5	67	1988	34.26	34.26	74	1993	40.98	40.98	78	1998	45.4	45.4	87	2003	46.9	46.9	91	2008	45.96	45.96	91	2013
McGuire 2	3411.00	1142	1100	PWR	315	708	21240	84456.8	3	1	1984	3	3	2023	3.00	3	2043	0	0	0	540	87	1998	3	21	21	54	1900	21	21	54	1968	21.5	21.5	56	1973	21.82	21.82	58	1978	29.42	29.42	58	1983	31.5	31.5	67	1988	34.26	34.26	74	1993	40.98	40.98	78	1998	45.4	45.4	87	2003	46.9	46.9	91	2008	45.96	45.96	91	2013
San Onofre 3	3390.00	1127	1080	PWR	316	354	10620	77455.2	4	1	1984	10	18	2013	0	0	0	0	0	0	540	87	1998	3	21	21	54	1900	21	21	54	1968	21.5	21.5	56	1973	21.82	21.82	58	1978	29.42	29.42	58	1983	31.5	31.5	67	1988	34.26	34.26	74	1993	40.98	40.98	78	1998	45.4	45.4	87	2003	46.9	46.9	91	2008	45.96	45.96	91	2013
Callaway	3565.00	1250	1143	PWR	324	478	14340	84456.8	12	19	1984	10	18	2024	0	0	0	0	0	0	540	87	1998	3	21	21	54	1900	21	21	54	1968	21.5	21.5	56	1973	21.82	21.82	58	1978	29.42	29.42	58	1983	31.5	31.5	67	1988	34.26	34.26	74	1993	40.98	40.98	78	1998	45.4	45.4	87	2003	46.9	46.9	91	2008	45.96	45.96	91	2013
Diablo Canyon 1	3338.00	1124	1073	PWR	329	436	13080	84456.8	5	7	1985	9	22	2021	0	0	0	0	0	0	540	87	1998	3	21	21	54	1900	21	21	54	1968	21.5	21.5	56	1973	21.82	21.82	58	1978	29.42	29.42	58	1983	31.5	31.5	67	1988	34.26	34.26	74	1993	40.98	40.98	78	1998	45.4	45.4	87	2003	46.9	46.9	91	2008	45.96	45.96	91	2013
Catawba 1	3411.00	1192	1129	PWR	330	702	21060	84456.8	6	29	1985	12	6	2024	12.00	5	2043	0	0	0	540	87	1998	3	21	21	54	1900	21	21	54	1968	21.5	21.5	56	1973	21.82	21.82	58	1978	29.42	29.42	58	1983	31.5	31.5	67	1988	34.26	34.26	74	1993	40.98	40.98	78	1998	45.4	45.4	87	2003	46.9	46.9	91	2008	45.96	45.96	91	2013
Wolf Creek 1	3565.00	1188	1170	PWR	333	714	21420	94959.2	9	3	1985	3	11	2025	3.00	11	2045	0	0	0	540	87	1998	3	21	21	54	1900	21	21	54	1968	21.5	21.5	56	1973	21.82	21.82	58	1978	29.42	29.42	58	1983	31.5	31.5	67	1988	34.26	34.26	74	1993	40.98	40.98	78	1998	45.4	45.4	87	2003	46.9	46.9	91	2008	45.96	45.96	91	2013
Byron 1	3411.00	1205	1135	PWR	333	469	14070	94959.2	9	16	1985	10	31	2024	0	0	0	0	0	0	540	87	1998	3	21	21	54	1900	21	21	54	1968	21.5	21.5	56	1973	21.82	21.82	58	1978	29.42	29.42	58	1983	31.5	31.5	67	1988	34.26	34.26	74	1993	40.98	40.98	78	1998	45.4	45.4	87	2003	46.9	46.9	91	2008	45.96	45.96	91	2013
Waterford 3	3410.00	1138	1075	PWR	333	471	14130	68703.2	9	24	1985	12	18	2024	0	0	0	0	0	0	540	87	1998	3	21	21	54	1900	21	21	54	1968	21.5	21.5	56	1973	21.82	21.82	58	1978	29.42	29.42	58	1983	31.5	31.5	67	1988	34.26	34.26	74	1993	40.98	40.98	78	1998	45.4	45.4	87	2003	46.9	46.9	91	2008	45.96	45.96	91	2013
Palo Verde 1	3800.00	1299	1243	PWR	337	719	21570	84456.8	1	28	1986	12	31	2024	6.00	1	2045	0	0	0	540	87	1998	3	21	21	54	1900	21	21	54	1968	21.5	21.5	56	1973	21.82	21.82	58	1978	29.42	29.42	58	1983	31.5	31.5	67	1988	34.26	34.26	74	1993	40.98	40.98	78	1998	45.4	45.4	87	2003	46.9	46.9	91	2008	45.96	45.96	91	2013
Diablo Canyon 2	3411.00	1137	1087	PWR	339	469	14070	84456.8	3	13	1986	4	26	2025	0	0	0	0	0	0	540	87	1998	3	21	21	54	1900	21	21	54	1968	21.5	21.5	56	1973	21.82	21.82	58	1978	29.42	29.42	58	1983	31.5	31.5	67	1988	34.26	34.26	74	1993	40.98	40.98	78	1998	45.4	45.4	87	2003	46.9	46.9	91	2008	45.96	45.96	91	2013
Millstone 3	3411.00	1193	1146	PWR	340	715	21450	84456.8	4	23	1986	11	25	2025	11.00	25	2045	0	0	0	540	87	1998	3	21	21	54	1900	21	21	54	1968	21.5	21.5	56	1973	21.82	21.82	58	1978	29.42	29.42	58	1983	31.5	31.5	67	1988	34.26	34.26	74	1993	40.98	40.98	78	1998	45.4	45.4	87	2003	46.9	46.9	91	2008	45.96	45.96	91	2013
Catawba 2	3411.00	1192	1129	PWR	344	678	20340	84456.8	8	19	1986	2	24	2026	12.00	5	2043	0	0	0	540	87	1998	3	21	21	54	1900	21	21	54	1968	21.5	21.5	56	1973	21.82	21.82	58	1978	29.42	29.42	58	1983	31.5	31.5	67	1988	34.26	34.26	74	1993	40.98	40.98	78	1998	45.4	45.4	87	2003	46.9	46.9	91	2008	45.96	45.96	91	2013
Palo Verde 2	3800.00	1299	1243	PWR	345	723	21690	84456.8	9	19	1986	12	9	2025	4.00	24	2046	0	0	0	540	87	1998	3	21	21	54	1900	21	21	54	1968	21.5	21.5	56	1973	21.82	21.82	58	1978	29.42	29.42	58	1983	31.5	31.5	67	1988	34.26	34.26	74	1993	40.98	40.98	78	1998	45.4	45.4	87	2003	46.9	46.9	91	2008	45.96	45.96	91	2013
Harris 1	2775.00	920	860	PWR	353	713	21390	105461.6	5	2	1987	10	24	2026	10.00	24	2046	0	0	0	540	87	1998	3	21	21	54	1900	21	21	54	1968	21.5	21.5	56	1973	21.82	21.82	58	1978	29.42	29.42	58	1983	31.5	31.5	67	1988	34.26	34.26	74	1993	40.98	40.98	78	1998	45.4	45.4	87	2003	46.9	46.9	91	2008	45.96	45.96	91	2013
Vogtle 1	3565.00	1202	1148	PWR	354	715	21450	84456.8	6	1	1987	1	16	2027	1.00	16	2047	0	0	0	540	87	1998	3	21	21	54	1900	21	21	54	1968	21.5	21.5	56	1973	21.82	21.82	58	1978	29.42	29.42	58	1983	31.5	31.5	67	1988	34.26	34.26	74	1993	40.98	40.98	78	1998	45.4	45.4	87	2003	46.9	46.9	91	2008	45.96	45.96	91	2013
Byron 2	3411.00	1206	1136	PWR	356	471	14130	84456.8	8	21	1987	11	6	2026	0	0	0	0	0	0	540	87	1998	3	21	21	54	1900	21	21	54	1968	21.5	21.5	56	1973	21.82	21.82	58	1978	29.42	29.42	58	1983	31.5	31.5	67	1988	34.26	34.26	74	1993	40.98	40.98	78	1998	45.4	45.4	87	2003	46.9	46.9	91	2008	45.96	45.96	91	2013
Beaver Valley 2	2652.00	860	810	PWR	359	714	21420	68703.2	11	17	1987	5	27	2027	5.00	27	2047	0	0	0	540	87	1998	3	21	21	54	1900	21	21	54	1968	21.5	21.5	56	1973	21.82	21.82	58	1978	29.42	29.42	58	1983	31.5	31.5	67	1988	34.26	34.26	74	1993	40.98	40.98	78	1998	45.4	45.4	87	2003	46.9	46.9	91	2008	45.96	45.96	91	2013
Palo Verde 3	3800.00	1302	1247	PWR	361	710	21300	84456.8	1	8	1988	3	25	2027	11.00	25	2047	0	0	0	540	87	1998	3	21	21	54	1900	21	21	54	1968	21.5	21.5	56	1973	21.82	21.82	58	1978	29.42	29.42	58	1983	31.5	31.5	67	1988	34.26	34.26	74	1993	40.98	40.98	78	1998	45.4	45.4	87	2003	46.9	46.9	91	2008	45.96	45.96	91	2013
Braidwood 1	3411.00	1192	1137	PWR	367	459	13770	105461.6	7	29	1988	10	17	2026	0	0	0	0	0	0	540	87	1998	3	21	21	54	1900	21	21	54	1968	21.5	21.5	56	1973	21.82	21.82	58	1978	29.42	29.42	58	1983	31.5	31.5	67	1988	34.26	34.26	74	1993	40.98	40.98	78	1998	45.4	45.4	87	2003	46.9	46.9	91	2008	45.96	45.96	91	2013
South Texas 1	3800.00	1310	1250	PWR	368	468	14040	84456.8	8	25	1988	8	20	2027	0	0	0	0	0	0	540	87	1998	3	21	21	54	1900	21	21	54	1968	21.5	21.5	56	1973	21.82	21.82	58	1978	29.42	29.42	58	1983	31.5	31.5	67	1988	34.26	34.26	74	1993	40.98	40.98	78	1998	45.4	45.4	87	2003	46.9	46.9	91	2008	45.96	45.96	91	2013
Braidwood 2	3411.00	1195	1140	PWR	370	470	14100	84456.8	10	17	1988	12	18	2027	0	0	0	0	0	0	540	87	1998	3	21	21	54	1900	21	21	54	1968	21.5	21.5	56	1973	21.82	21.82	58	1978	29.42	29.42	58	1983	31.5	31.5	67	1988	34.26	34.26	74	1993	40.98	40.98	78	1998	45.4	45.4	87	2003	46.9	46.9	91	2008	45.96	45.96	91	2013
Vogtle 2	3565.00	1203	1149	PWR	377	717	21510	84456.8	5	20	1989	2	9	2029	2.00	9	2049	0	0	0	540	87	1998	3	21	21	54	1900	21	21	54	1968	21.5	21.5	56	1973	21.82	21.82	58	1978	29.42	29.42	58	1983	31.5	31.5	67	1988	34.26	34.26	74	1993	40.98	40.98	78	1998	45.4	45.4	87	2003	46.9	46.9	91	2008	45.96	45.96	91	2013
South Texas 2	3800.00	1310	1250	PWR	378	474	14220	84456.8	6	19	1989	12	15	2028	0	0	0	0	0	0	540	87	1998	3	21	21	54	1900	21	21	54	1968	21.5	21.5	56	1973	21.82	21.82	58	1978	29.42	29.42	58	1983	31.5	31.5	67	1988	34.26	34.26	74	1993	40.98	40.98	78	1998	45.4	45.4	87	2003	46.9	46.9	91	2008	45.96	45.96	91	2013
Comanche Peak 1	3411.00	1161	1150	PWR	392	474	14220	84456.8	8	13	1990	2	8	2030	0	0	0	0	0	0	540	87	1998	3	21	21	54	1900	21	21	54	1968	21.5	21.5	56	1973	21.82	21.82	58	1978	29.42	29.42	58	1983	31.5	31.5	67	1988	34.26	34.26	74	1993	40.98	40.98	78	1998	45.4	45.4	87	2003	46.9	46.9	91	2008	45.96	45.96	91	2013
Seabrook	3411.00	1207	1161	PWR	392	434	13020	84456.8	8	17	1990	10	17	2026	0	0	0	0	0	0	540	87	1998	3	21	21	54	1900	21	21	54	1968	21.5	21.5	56	1973	21.82	21.82	58	1978	29.42	29.42	58	1983	31.5	31.5	67	1988	34.26	34.26	74	1993	40.98	40.98	78	1998	45.4	45.4	87	2003	46.9	46.9	91	2008	45.96	45.96	91	2013
Comanche Peak 2	3411.00	1161	1150	PWR	428	474	14220	84456.8	8	3	1993	2	2	2033	0	0	0	0	0	0	540	87	1998	3	21	21	54	1900	21	21	54	1968	21.5	21.5	56	1973	21.82	21.82	58	1978	29.42	29.42	58	1983	31.5	31.5	67	1988	34.26	34.26	74	1993	40.98	40.98	78	1998	45.4	45.4	87	2003	46.9	46.9	91	2008	45.96	45.96	91	2013
Watts Bar 1	3411.00	1183	1128	PWR	458	477	14310	84456.8	2	7	1996	11	9	2035	0	0	0	0	0	0	540	87	1998	3	21	21	54	1900	21	21	54	1968	21.5	21.5	56	1973	21.82	21.82	58	1978	29.42	29.42	58	1983	31.5	31.5	67	1988	34.26	34.26	74	1993	40.98	40.98	78	1998	45.4	45.4	87	2003	46.9	46.9	91	2008	45.96	45.96	91	2013
