%eval_id interface ts mmr_burnup 
1        NO_ID     721.0 28
2        NO_ID     721.0 56
3        NO_ID     721.0 84
4        NO_ID     721.0 112
5        NO_ID     721.0 140
6        NO_ID     721.0 151
7        NO_ID     721.0 168
8        NO_ID     721.0 185
9        NO_ID     724.0 28
10        NO_ID     724.0 56
11        NO_ID     724.0 84
12        NO_ID     724.0 112
13        NO_ID     724.0 140
14        NO_ID     724.0 151
15        NO_ID     724.0 168
16        NO_ID     724.0 185
17        NO_ID     727.0 28
18        NO_ID     727.0 56
19        NO_ID     727.0 84
20        NO_ID     727.0 112
21        NO_ID     727.0 140
22        NO_ID     727.0 151
23        NO_ID     727.0 168
24        NO_ID     727.0 185
25        NO_ID     730.0 28
26        NO_ID     730.0 56
27        NO_ID     730.0 84
28        NO_ID     730.0 112
29        NO_ID     730.0 140
30        NO_ID     730.0 151
31        NO_ID     730.0 168
32        NO_ID     730.0 185
33        NO_ID     733.0 28
34        NO_ID     733.0 56
35        NO_ID     733.0 84
36        NO_ID     733.0 112
37        NO_ID     733.0 140
38        NO_ID     733.0 151
39        NO_ID     733.0 168
40        NO_ID     733.0 185
41        NO_ID     736.0 28
42        NO_ID     736.0 56
43        NO_ID     736.0 84
44        NO_ID     736.0 112
45        NO_ID     736.0 140
46        NO_ID     736.0 151
47        NO_ID     736.0 168
48        NO_ID     736.0 185
49        NO_ID     739.0 28
50        NO_ID     739.0 56
51        NO_ID     739.0 84
52        NO_ID     739.0 112
53        NO_ID     739.0 140
54        NO_ID     739.0 151
55        NO_ID     739.0 168
56        NO_ID     739.0 185
57        NO_ID     742.0 28
58        NO_ID     742.0 56
59        NO_ID     742.0 84
60        NO_ID     742.0 112
61        NO_ID     742.0 140
62        NO_ID     742.0 151
63        NO_ID     742.0 168
64        NO_ID     742.0 185
65        NO_ID     745.0 28
66        NO_ID     745.0 56
67        NO_ID     745.0 84
68        NO_ID     745.0 112
69        NO_ID     745.0 140
70        NO_ID     745.0 151
71        NO_ID     745.0 168
72        NO_ID     745.0 185
73        NO_ID     748.0 28
74        NO_ID     748.0 56
75        NO_ID     748.0 84
76        NO_ID     748.0 112
77        NO_ID     748.0 140
78        NO_ID     748.0 151
79        NO_ID     748.0 168
80        NO_ID     748.0 185
81        NO_ID     751.0 28
82        NO_ID     751.0 56
83        NO_ID     751.0 84
84        NO_ID     751.0 112
85        NO_ID     751.0 140
86        NO_ID     751.0 151
87        NO_ID     751.0 168
88        NO_ID     751.0 185
89        NO_ID     754.0 28
90        NO_ID     754.0 56
91        NO_ID     754.0 84
92        NO_ID     754.0 112
93        NO_ID     754.0 140
94        NO_ID     754.0 151
95        NO_ID     754.0 168
96        NO_ID     754.0 185
97        NO_ID     757.0 28
98        NO_ID     757.0 56
99        NO_ID     757.0 84
100        NO_ID     757.0 112
101        NO_ID     757.0 140
102        NO_ID     757.0 151
103        NO_ID     757.0 168
104        NO_ID     757.0 185
105        NO_ID     760.0 28
106        NO_ID     760.0 56
107        NO_ID     760.0 84
108        NO_ID     760.0 112
109        NO_ID     760.0 140
110        NO_ID     760.0 151
111        NO_ID     760.0 168
112        NO_ID     760.0 185
113        NO_ID     763.0 28
114        NO_ID     763.0 56
115        NO_ID     763.0 84
116        NO_ID     763.0 112
117        NO_ID     763.0 140
118        NO_ID     763.0 151
119        NO_ID     763.0 168
120        NO_ID     763.0 185
121        NO_ID     766.0 28
122        NO_ID     766.0 56
123        NO_ID     766.0 84
124        NO_ID     766.0 112
125        NO_ID     766.0 140
126        NO_ID     766.0 151
127        NO_ID     766.0 168
128        NO_ID     766.0 185
129        NO_ID     769.0 28
130        NO_ID     769.0 56
131        NO_ID     769.0 84
132        NO_ID     769.0 112
133        NO_ID     769.0 140
134        NO_ID     769.0 151
135        NO_ID     769.0 168
136        NO_ID     769.0 185
137        NO_ID     772.0 28
138        NO_ID     772.0 56
139        NO_ID     772.0 84
140        NO_ID     772.0 112
141        NO_ID     772.0 140
142        NO_ID     772.0 151
143        NO_ID     772.0 168
144        NO_ID     772.0 185
145        NO_ID     775.0 28
146        NO_ID     775.0 56
147        NO_ID     775.0 84
148        NO_ID     775.0 112
149        NO_ID     775.0 140
150        NO_ID     775.0 151
151        NO_ID     775.0 168
152        NO_ID     775.0 185
153        NO_ID     778.0 28
154        NO_ID     778.0 56
155        NO_ID     778.0 84
156        NO_ID     778.0 112
157        NO_ID     778.0 140
158        NO_ID     778.0 151
159        NO_ID     778.0 168
160        NO_ID     778.0 185
161        NO_ID     781.0 28
162        NO_ID     781.0 56
163        NO_ID     781.0 84
164        NO_ID     781.0 112
165        NO_ID     781.0 140
166        NO_ID     781.0 151
167        NO_ID     781.0 168
168        NO_ID     781.0 185
169        NO_ID     784.0 28
170        NO_ID     784.0 56
171        NO_ID     784.0 84
172        NO_ID     784.0 112
173        NO_ID     784.0 140
174        NO_ID     784.0 151
175        NO_ID     784.0 168
176        NO_ID     784.0 185
177        NO_ID     787.0 28
178        NO_ID     787.0 56
179        NO_ID     787.0 84
180        NO_ID     787.0 112
181        NO_ID     787.0 140
182        NO_ID     787.0 151
183        NO_ID     787.0 168
184        NO_ID     787.0 185
185        NO_ID     790.0 28
186        NO_ID     790.0 56
187        NO_ID     790.0 84
188        NO_ID     790.0 112
189        NO_ID     790.0 140
190        NO_ID     790.0 151
191        NO_ID     790.0 168
192        NO_ID     790.0 185
193        NO_ID     793.0 28
194        NO_ID     793.0 56
195        NO_ID     793.0 84
196        NO_ID     793.0 112
197        NO_ID     793.0 140
198        NO_ID     793.0 151
199        NO_ID     793.0 168
200        NO_ID     793.0 185
201        NO_ID     796.0 28
202        NO_ID     796.0 56
203        NO_ID     796.0 84
204        NO_ID     796.0 112
205        NO_ID     796.0 140
206        NO_ID     796.0 151
207        NO_ID     796.0 168
208        NO_ID     796.0 185
209        NO_ID     799.0 28
210        NO_ID     799.0 56
211        NO_ID     799.0 84
212        NO_ID     799.0 112
213        NO_ID     799.0 140
214        NO_ID     799.0 151
215        NO_ID     799.0 168
216        NO_ID     799.0 185
217        NO_ID     802.0 28
218        NO_ID     802.0 56
219        NO_ID     802.0 84
220        NO_ID     802.0 112
221        NO_ID     802.0 140
222        NO_ID     802.0 151
223        NO_ID     802.0 168
224        NO_ID     802.0 185
225        NO_ID     805.0 28
226        NO_ID     805.0 56
227        NO_ID     805.0 84
228        NO_ID     805.0 112
229        NO_ID     805.0 140
230        NO_ID     805.0 151
231        NO_ID     805.0 168
232        NO_ID     805.0 185
233        NO_ID     808.0 28
234        NO_ID     808.0 56
235        NO_ID     808.0 84
236        NO_ID     808.0 112
237        NO_ID     808.0 140
238        NO_ID     808.0 151
239        NO_ID     808.0 168
240        NO_ID     808.0 185
241        NO_ID     811.0 28
242        NO_ID     811.0 56
243        NO_ID     811.0 84
244        NO_ID     811.0 112
245        NO_ID     811.0 140
246        NO_ID     811.0 151
247        NO_ID     811.0 168
248        NO_ID     811.0 185
249        NO_ID     814.0 28
250        NO_ID     814.0 56
251        NO_ID     814.0 84
252        NO_ID     814.0 112
253        NO_ID     814.0 140
254        NO_ID     814.0 151
255        NO_ID     814.0 168
256        NO_ID     814.0 185
257        NO_ID     817.0 28
258        NO_ID     817.0 56
259        NO_ID     817.0 84
260        NO_ID     817.0 112
261        NO_ID     817.0 140
262        NO_ID     817.0 151
263        NO_ID     817.0 168
264        NO_ID     817.0 185
265        NO_ID     820.0 28
266        NO_ID     820.0 56
267        NO_ID     820.0 84
268        NO_ID     820.0 112
269        NO_ID     820.0 140
270        NO_ID     820.0 151
271        NO_ID     820.0 168
272        NO_ID     820.0 185
273        NO_ID     823.0 28
274        NO_ID     823.0 56
275        NO_ID     823.0 84
276        NO_ID     823.0 112
277        NO_ID     823.0 140
278        NO_ID     823.0 151
279        NO_ID     823.0 168
280        NO_ID     823.0 185
281        NO_ID     826.0 28
282        NO_ID     826.0 56
283        NO_ID     826.0 84
284        NO_ID     826.0 112
285        NO_ID     826.0 140
286        NO_ID     826.0 151
287        NO_ID     826.0 168
288        NO_ID     826.0 185
289        NO_ID     829.0 28
290        NO_ID     829.0 56
291        NO_ID     829.0 84
292        NO_ID     829.0 112
293        NO_ID     829.0 140
294        NO_ID     829.0 151
295        NO_ID     829.0 168
296        NO_ID     829.0 185
297        NO_ID     832.0 28
298        NO_ID     832.0 56
299        NO_ID     832.0 84
300        NO_ID     832.0 112
301        NO_ID     832.0 140
302        NO_ID     832.0 151
303        NO_ID     832.0 168
304        NO_ID     832.0 185
305        NO_ID     835.0 28
306        NO_ID     835.0 56
307        NO_ID     835.0 84
308        NO_ID     835.0 112
309        NO_ID     835.0 140
310        NO_ID     835.0 151
311        NO_ID     835.0 168
312        NO_ID     835.0 185
313        NO_ID     838.0 28
314        NO_ID     838.0 56
315        NO_ID     838.0 84
316        NO_ID     838.0 112
317        NO_ID     838.0 140
318        NO_ID     838.0 151
319        NO_ID     838.0 168
320        NO_ID     838.0 185
321        NO_ID     841.0 28
322        NO_ID     841.0 56
323        NO_ID     841.0 84
324        NO_ID     841.0 112
325        NO_ID     841.0 140
326        NO_ID     841.0 151
327        NO_ID     841.0 168
328        NO_ID     841.0 185
329        NO_ID     844.0 28
330        NO_ID     844.0 56
331        NO_ID     844.0 84
332        NO_ID     844.0 112
333        NO_ID     844.0 140
334        NO_ID     844.0 151
335        NO_ID     844.0 168
336        NO_ID     844.0 185
337        NO_ID     847.0 28
338        NO_ID     847.0 56
339        NO_ID     847.0 84
340        NO_ID     847.0 112
341        NO_ID     847.0 140
342        NO_ID     847.0 151
343        NO_ID     847.0 168
344        NO_ID     847.0 185
345        NO_ID     850.0 28
346        NO_ID     850.0 56
347        NO_ID     850.0 84
348        NO_ID     850.0 112
349        NO_ID     850.0 140
350        NO_ID     850.0 151
351        NO_ID     850.0 168
352        NO_ID     850.0 185
353        NO_ID     853.0 28
354        NO_ID     853.0 56
355        NO_ID     853.0 84
356        NO_ID     853.0 112
357        NO_ID     853.0 140
358        NO_ID     853.0 151
359        NO_ID     853.0 168
360        NO_ID     853.0 185
361        NO_ID     856.0 28
362        NO_ID     856.0 56
363        NO_ID     856.0 84
364        NO_ID     856.0 112
365        NO_ID     856.0 140
366        NO_ID     856.0 151
367        NO_ID     856.0 168
368        NO_ID     856.0 185
369        NO_ID     859.0 28
370        NO_ID     859.0 56
371        NO_ID     859.0 84
372        NO_ID     859.0 112
373        NO_ID     859.0 140
374        NO_ID     859.0 151
375        NO_ID     859.0 168
376        NO_ID     859.0 185
377        NO_ID     862.0 28
378        NO_ID     862.0 56
379        NO_ID     862.0 84
380        NO_ID     862.0 112
381        NO_ID     862.0 140
382        NO_ID     862.0 151
383        NO_ID     862.0 168
384        NO_ID     862.0 185
385        NO_ID     865.0 28
386        NO_ID     865.0 56
387        NO_ID     865.0 84
388        NO_ID     865.0 112
389        NO_ID     865.0 140
390        NO_ID     865.0 151
391        NO_ID     865.0 168
392        NO_ID     865.0 185
393        NO_ID     868.0 28
394        NO_ID     868.0 56
395        NO_ID     868.0 84
396        NO_ID     868.0 112
397        NO_ID     868.0 140
398        NO_ID     868.0 151
399        NO_ID     868.0 168
400        NO_ID     868.0 185
401        NO_ID     871.0 28
402        NO_ID     871.0 56
403        NO_ID     871.0 84
404        NO_ID     871.0 112
405        NO_ID     871.0 140
406        NO_ID     871.0 151
407        NO_ID     871.0 168
408        NO_ID     871.0 185
409        NO_ID     874.0 28
410        NO_ID     874.0 56
411        NO_ID     874.0 84
412        NO_ID     874.0 112
413        NO_ID     874.0 140
414        NO_ID     874.0 151
415        NO_ID     874.0 168
416        NO_ID     874.0 185
417        NO_ID     877.0 28
418        NO_ID     877.0 56
419        NO_ID     877.0 84
420        NO_ID     877.0 112
421        NO_ID     877.0 140
422        NO_ID     877.0 151
423        NO_ID     877.0 168
424        NO_ID     877.0 185
425        NO_ID     880.0 28
426        NO_ID     880.0 56
427        NO_ID     880.0 84
428        NO_ID     880.0 112
429        NO_ID     880.0 140
430        NO_ID     880.0 151
431        NO_ID     880.0 168
432        NO_ID     880.0 185
433        NO_ID     883.0 28
434        NO_ID     883.0 56
435        NO_ID     883.0 84
436        NO_ID     883.0 112
437        NO_ID     883.0 140
438        NO_ID     883.0 151
439        NO_ID     883.0 168
440        NO_ID     883.0 185
441        NO_ID     886.0 28
442        NO_ID     886.0 56
443        NO_ID     886.0 84
444        NO_ID     886.0 112
445        NO_ID     886.0 140
446        NO_ID     886.0 151
447        NO_ID     886.0 168
448        NO_ID     886.0 185
449        NO_ID     889.0 28
450        NO_ID     889.0 56
451        NO_ID     889.0 84
452        NO_ID     889.0 112
453        NO_ID     889.0 140
454        NO_ID     889.0 151
455        NO_ID     889.0 168
456        NO_ID     889.0 185
457        NO_ID     892.0 28
458        NO_ID     892.0 56
459        NO_ID     892.0 84
460        NO_ID     892.0 112
461        NO_ID     892.0 140
462        NO_ID     892.0 151
463        NO_ID     892.0 168
464        NO_ID     892.0 185
465        NO_ID     895.0 28
466        NO_ID     895.0 56
467        NO_ID     895.0 84
468        NO_ID     895.0 112
469        NO_ID     895.0 140
470        NO_ID     895.0 151
471        NO_ID     895.0 168
472        NO_ID     895.0 185
473        NO_ID     898.0 28
474        NO_ID     898.0 56
475        NO_ID     898.0 84
476        NO_ID     898.0 112
477        NO_ID     898.0 140
478        NO_ID     898.0 151
479        NO_ID     898.0 168
480        NO_ID     898.0 185
481        NO_ID     901.0 28
482        NO_ID     901.0 56
483        NO_ID     901.0 84
484        NO_ID     901.0 112
485        NO_ID     901.0 140
486        NO_ID     901.0 151
487        NO_ID     901.0 168
488        NO_ID     901.0 185
